0.0,2.178538129544783,2.9269374400331745,3.379692085305623,3.5524459191134428,5.558330021742652,2.778939137106486,2.501049637185325,3.4371980566650118,3.856518019087126,3.127875419906852,2.972193329829254,2.983037287896199,1.5523580553615488,4.544738008000191,4.696180464578552,6.277218897444863,3.129619683368708,5.145056365352283,3.66416104112248,5.374892887380133,3.5079930216529553,3.7055900001208477,5.223633090629426,3.468113063325244,2.4616203266601855,6.375619911262959,2.89517447761551,4.7492442530732575,4.502138712109833,3.6682653527106948,7.317483481507476,3.412441288863512,3.217974468822799,2.990552304890918,6.504493871116307,4.015655768653802,4.184390779218318,5.848379792418803,3.261658183292344,6.74664767576163,3.459658845925103,3.2029374135900386,4.768836062352933,5.318744688631926,5.117439060944936,6.394456308860355,3.2546247454778436,3.595045265582291,3.590595947395201,2.9141330713579485,3.018310277836826,2.1364468494628075,7.31894705501351,2.9882079063293365,3.6156733233908733,12.345152106319034,2.165965984127241,5.4306307968544765,6.212008325272504,2.7868296531874144,4.085982676436717,1.6506584083181057,4.847026743753092,3.795098555799186,4.721410691896135,2.1263992309324995,2.738582887083802,1.6367588230052081,2.6401738747183545,3.1618275845798602,4.591872628164116,8.569174717640601,3.5127520801659995,3.1158294959447996,3.784585268497057,10.043023408967757,2.87802367040701,3.4901177370998018,12.298808023951564,9.930872666358535,7.833417076157868,2.662482349130984,2.2730618353737793,3.3763709572851166,2.583989372744135,6.425465711750343,2.4918987417526552,3.096771148173888,3.967008270457751,3.8907325161534714,4.439469302450012,3.03403011241647,4.720716995892999,3.915669985367376,2.2104754770277624,5.662795340782749,2.2956503230266656,7.888220130105764,3.5199918957205325
2.178538129544783,0.0,3.270105423026766,2.7442973453362134,2.725009086889895,5.68662224165944,3.8070474118809856,2.3622037949432673,4.095462914184335,3.359604312183411,2.2385256045552655,3.560898074139146,3.2827464521755387,2.604400563205592,3.8122333028922832,4.146289633072278,6.986844305207153,2.562827647840522,4.947870233096088,2.8627249842417197,5.428095483792743,3.958960256812296,4.150573265956261,4.936204610074254,2.269583745523875,2.7935030477776923,6.820367624166835,2.7607713177922264,4.400067612811797,4.10502745827186,2.999754190587317,7.60719019642955,3.6539389954160804,3.522017983647135,2.7742825300562255,6.6278748732988735,3.7076824866204667,4.129724565645426,5.221215324674368,2.6531438764277517,7.115741193353081,4.122268608991893,2.9329546556118506,5.379729759690925,5.248033356116698,5.394999945635209,7.003109337088426,2.816916325353521,3.576120547647533,3.8995548480396827,2.95874361127509,2.7798449771285103,2.6137802774994947,7.773460144762417,2.704585227924638,3.868823656402187,12.832691377309592,1.989561985179831,4.685306568552268,5.535303752174195,3.5337096893622744,3.488816072199329,2.599240879699217,5.35334812119165,3.358042022346636,5.1277511369971025,1.668205134288981,3.368065524705448,1.4651326661229578,2.1858126392566013,2.886940101515021,4.4893129923312145,8.935088043044068,3.361780955462066,2.1954090205995813,3.5710532740786456,10.539807781947776,3.2723908746227526,2.8830730018737434,12.726746725701176,10.48820898505616,8.209263560241133,2.18776751666034,2.5107638052793777,4.008658183480129,2.886933006505674,7.187193700391031,2.0135815141013986,2.4525833682105374,5.135259387854746,3.838079608230107,4.951595137526328,2.716086764800253,5.246608260769272,3.730644164265508,2.161996448571422,5.637403652813012,2.5400191323484465,8.348284985583692,4.09129590503414
2.9269374400331745,3.270105423026766,0.0,3.6218252450695267,4.850427889038393,4.211028384335425,4.077146788433547,2.1346666593444876,2.8059498887975187,5.453390889753986,3.950166824732777,3.800080392933948,1.3218048130683708,2.2076670786862644,5.823988240747954,6.292795757191931,4.693314852254248,4.195371758518004,5.932263653010629,5.367429922921308,4.016098858106458,5.334476139733596,5.581312664062474,7.146630762378009,4.893200475309048,1.8136921860060917,6.108705331842345,3.0011779360516893,5.646634162121951,5.629433927087066,4.4741969285433,5.7170695502315745,2.828050808817757,2.3402040609458976,2.16561849880087,5.303840535610225,5.850255068451945,6.196027756885109,7.6718216155654275,4.866845308718346,5.292903141279472,2.526542363758748,3.9541613948804124,3.2755447748009656,4.574232563775969,3.4420529820585295,4.616898033037686,3.8810846830764114,3.1580765596819647,2.1091809436845406,2.5489178190080994,4.672910797666075,1.8013067082668475,5.609122015126596,2.7344082175216036,2.1685349969979963,10.640136011895798,2.891142459211753,6.701254852068126,8.033045443491002,4.514096061157605,5.8256212571200745,3.833252107219447,2.8521503324187654,5.300267402266211,2.9649325008407255,3.2886006722351544,2.3124603280313965,2.7643924949480736,4.428787683390993,3.341386307738131,6.514897733575689,7.128183445064753,5.2110534171582445,4.715179744335744,5.661274741401399,8.250696735511175,4.576082163445332,5.264571687714746,10.534878663020214,8.19168457519225,6.578100824563885,3.3125392029226073,2.7941931283142094,4.990978896509927,2.144188339773581,5.739533495700551,3.0839967101736305,4.531068315976365,4.534143140200313,4.407222421277258,2.41604212598917,4.902672648833612,3.059815711079037,3.5783500939846085,4.301467012818021,5.436861424176175,1.8278702974721819,6.2198680432586855,2.664587734735722
3.379692085305623,2.7442973453362134,3.6218252450695267,0.0,4.5618440130806315,4.1239364837468155,4.37153694688323,3.627520487812087,2.89205161651174,3.4630726517834525,1.9727858566351764,3.965283434534259,3.815442587468739,3.016657779054526,5.045690887640141,5.802270993555189,6.025067126291985,2.34166489108243,7.179871740017345,3.710841091400946,4.953720394151369,3.4105557578040937,4.723842253067494,4.906921818697857,3.347173157241852,2.409655368643923,4.968617865142778,4.6013006654043265,6.419401170147096,5.984132273111645,4.305511910185641,6.170605052060355,2.361912787432336,2.693168020193506,2.3399456087630917,4.866896450200972,4.814816982744744,5.465831690938232,6.428145051178106,3.2865767074003913,5.448083556139266,3.110328731034079,1.990211612041143,4.21359080815715,3.360253482027174,4.3568707382548295,5.836267391792938,5.012732678358715,2.3643054400552437,4.20156930958092,3.655651887783906,3.606097826704347,2.6435603553221143,6.3339131955458745,2.968227756015035,4.374232026529431,11.172772085985683,3.088992384543409,6.698631168996352,6.497505022522859,3.2031897111276004,4.241897631824445,4.24816741341664,4.704188714459997,3.131249688309974,4.173181208271191,2.833219886574375,4.50485724824867,3.027556258673781,3.314995265273362,3.3541282466221958,4.239807782804341,7.152770349709982,5.299343988604031,3.4830967868251155,3.6952494624302417,9.074744543691956,5.364712319196134,3.5501038235388718,11.169189069521813,9.032609693967899,6.236053705613897,2.411627647733369,2.34537299234449,3.057995075338416,2.444536349738048,5.347663639218895,1.615812861379464,2.596288383921178,4.793749171500838,5.958137519514489,4.390629179897697,3.801300710467974,4.153637769572136,3.541548493893186,4.316131944017309,3.5074997662178244,3.020820090273892,6.8707187929280975,4.291750315508504
3.5524459191134428,2.725009086889895,4.850427889038393,4.5618440130806315,0.0,7.661035621137719,4.1927864525986545,4.229193155059242,5.89558545885952,3.9839632237111973,3.4747789324151896,3.627190030910556,4.500950930963209,3.9952209193389825,2.628514344977811,3.2841534518058,8.801833969666754,4.283179102662803,4.0153473700679205,2.9219764902838374,7.165302240078706,4.662010700685058,3.548057080453187,5.432492469471129,3.375799188392365,4.64859171992828,8.181788691818086,3.8079076097549898,3.444424591409005,2.791160394910537,2.2596869846757985,9.105931497648289,5.501280784994998,5.302255500154054,4.439632583026369,8.293674192388337,3.6316266962415344,4.0889992452592505,4.6492039536745855,3.6417205567173285,8.955717879347773,5.9857631125484385,4.5844537345994025,7.231101928262928,6.946194542590937,7.403354768035544,8.791422536281335,2.7063742144159093,5.308678710875976,5.593364993512429,4.521057696511612,2.7528641765697768,4.571768962130632,9.632498220371588,4.963917285300908,5.715841875511185,14.625618675329914,3.3102206000380296,3.0521138574954283,4.892351208261181,4.523576849371829,3.622336240391051,3.4931743587458666,7.079404600078016,4.172734216064087,7.024634005768646,2.8892465202914717,4.370643365680701,3.147106644496939,2.7263702273081565,4.91818041386006,5.469904417593865,10.631399664772434,2.7480006077734562,2.484457359822292,4.330622109918892,12.343735973587455,2.606500606590244,3.1819921873983326,14.300888877901293,12.286587086619022,10.109670504600258,3.2838542383326548,4.147663629170196,5.177954982389624,4.551237534221113,8.706157394724439,3.722058460834953,3.52756612951356,5.534849967211298,3.408420471446362,6.644453710314757,3.1846985478740533,6.971990387381548,5.533023309472318,2.829156338652129,7.57260537740179,4.152563239709521,10.228470210322348,5.986714441777172
5.558330021742652,5.68662224165944,4.211028384335425,4.1239364837468155,7.661035621137719,0.0,6.440050229273125,5.132201414420798,2.6345699086284387,6.762491076101352,5.336644350212705,6.049504852156944,4.392596518455774,4.973549922405685,8.238422922961899,9.300010055613841,2.7041187850043977,5.638328933714164,9.747705403606261,7.417006142562705,2.9543076635557814,6.714862204707454,7.751901711678091,8.29226527605391,6.65657944738237,3.7562971078558327,3.6580529840918774,6.439663285686013,9.250969662297106,8.879013622503207,7.231450896966009,3.1633530859546672,2.8979919601755637,3.4816253567870166,3.437821846286846,1.7851206245597737,8.192280963773307,8.543180527231284,10.154377224966536,6.824083374464823,1.6518305655328522,2.588703284741241,4.708986456664567,1.872064872425431,2.15745279604381,2.208423474195944,2.391939030306644,7.495139947226228,3.400680093051954,4.318271293247787,5.218500729275014,6.963241460570699,3.8470792804339324,2.5807678742959776,4.445767718031507,4.178670644996827,7.277761809439137,5.80292333086606,10.010931985013148,10.201743083118242,5.9059139292451155,7.875361585703296,6.338009566126663,2.7752048584391438,6.7342080295854885,1.9206497412017793,5.853959985510296,5.745987978630108,5.684346196526988,6.802784196995904,4.916096189287683,7.310991114094626,3.5089714771818943,8.469354896009834,7.039628089624404,7.2442232618496165,5.13352001560442,8.006383966651747,7.206742409991153,7.394114779580216,5.19473537278361,2.87224828082936,5.172423763764747,4.746449937827923,5.905202801203696,3.823904178440929,3.1106420325910844,4.582276295501032,6.0962227107319436,5.764335438012694,8.230773397074339,2.658603339457724,7.282259336428087,1.8274546968183212,4.634913379740386,7.1808709832022295,3.196245406150165,4.707768903739922,2.968451447545577,3.929200883938598
2.778939137106486,3.8070474118809856,4.077146788433547,4.37153694688323,4.1927864525986545,6.440050229273125,0.0,3.87307390336445,4.633554202998331,4.839049735089656,3.994546771472739,1.7242617351968914,4.282717249512473,2.7907411279355823,3.9237557290184992,5.244649545113937,7.121775393682699,4.603222422449595,5.6276934661254145,4.354236502567902,5.824648037550792,3.8642261258553168,2.591269983777067,6.395161859525968,3.9769919626695116,4.106871743058599,6.056343887646816,3.9231234792988974,5.427817924878958,3.7867516848236957,3.5572193133630443,8.181913399283944,4.718722989497902,4.494969046425423,4.057382026654111,6.90460000206605,4.980505819467483,5.1122348067968355,6.56732767977093,4.444123603203499,7.535438976001379,4.6184032233255055,5.04382139698212,5.717059554187182,6.373692923258926,6.054328448475326,7.084902780765131,4.325734029623578,5.325838282811203,4.841887560484424,4.417245457374408,2.891665704162389,3.7485542369942855,8.30550160926659,4.298889478729231,4.573808705429766,12.822497740767108,3.9104225141884235,5.819823032820117,6.9274386302219835,3.2574029355315828,4.79380435300657,2.1894201683511496,5.909799364226541,4.465142930837128,5.964799962629105,4.1662261044068725,3.487740791084352,3.8093758254798336,3.9648766851329733,4.32709812118878,5.752330086529185,8.786527590919578,4.570514213601463,4.758338837791229,4.960647450308635,10.806706599005674,3.539287254128784,4.171017990430483,13.001272772048782,10.626383381482349,8.633716668857664,4.2707434546892316,3.8033913006007225,3.887219385748946,4.331151797045937,6.370120528519781,4.06925819673863,4.640072101402151,2.5138771409972307,4.734667507290553,5.528753681339418,4.323733398161109,5.87882803976786,5.32079688360896,3.679882928815892,6.686008506125742,3.804921705263828,8.800253190873235,3.958781745995301
2.501049637185325,2.3622037949432673,2.1346666593444876,3.627520487812087,4.229193155059242,5.132201414420798,3.87307390336445,0.0,3.747461320366147,4.825939430170256,3.7785511189818117,3.9718271684110666,2.244279792140068,2.5108327971514495,5.454393187901466,5.446042198254503,5.836421419535697,3.702558049265913,5.173652214870074,4.829644615329639,4.507040686494231,5.12069350810568,5.336210480409199,6.643824882710885,3.881428585675952,2.5267419425164364,7.003455576238156,1.8269626248849367,5.051537166251735,5.003725811718161,4.098822553757064,6.895080206122988,3.6016655859494913,3.321371992621058,2.7878090424727104,6.354413235378246,5.2146222918725265,5.467359892180755,6.839580928462613,3.9445935541258987,6.40373298007699,3.538679786520449,3.9894249406283038,4.461549980442792,5.3802343908550005,4.338363798954006,5.888001677970422,3.1350455266895416,3.83624163171478,2.3293918910099403,1.9774856690990865,4.311978963292994,2.0297951168142094,6.811600613480992,1.744102696696151,2.1843131400393654,11.78921901234199,2.5556903159720052,5.931333373190363,7.216683359373437,4.412206128341705,5.285139921910121,2.9437159082124014,4.074528475598535,4.916248245538498,4.090611537695443,2.871074993672665,2.2461321467049777,2.133657370950481,3.857308218082939,2.6043448580659914,5.972739735102435,8.264680455349719,4.448775068452214,4.059012246191818,5.09146279245882,9.43993645098923,3.806941300487343,4.726193938552862,11.733730676866355,9.337579951958888,7.631714931558507,3.3384052058124167,2.910836339362092,5.027272230679884,2.7407823138715064,6.782525969408982,3.113516249146353,4.19037583410124,4.750787612351489,3.773295308460255,3.735056846208291,4.202466555763992,4.261391414760763,3.1066316952594146,3.2460124138988293,5.988800036431672,2.2112980577147017,7.336098341638355,2.8489428125202405
3.4371980566650118,4.095462914184335,2.8059498887975187,2.89205161651174,5.89558545885952,2.6345699086284387,4.633554202998331,3.747461320366147,0.0,5.154211924897828,3.781574467673232,4.4066931660234125,3.0828871368969564,2.7343612536758624,6.484334528910865,7.3393530219186855,3.886765355020507,3.881661473465566,7.9218838615554725,5.5817956531463215,4.044432372566659,4.7033200737783405,5.83425535532932,6.451425637843045,5.169446966568488,1.8872028288989455,4.2027168812767615,5.0049819917338025,7.399559268180374,7.1196149702666505,5.558729237605112,4.544918896697691,1.5390091757962674,1.814679448356994,2.3045597758153473,3.6400510253454756,6.149028380816488,6.6116338361461455,8.199194657257095,5.0499413915695,3.6497887030719807,0.9472267811143201,3.13248248004266,1.9331439757836473,2.744394290762285,2.821043069502993,3.5629367599858504,5.758698256117659,2.1187142957758827,3.400718506367215,3.76687782578465,5.058486690710107,2.056110423622387,4.373462838109687,3.3107592422163665,3.412143261839873,9.336013598205602,3.9049512951758896,8.157854774658055,8.36224892765355,3.6769988076405697,5.8797076063153435,4.18728045580099,2.9049772245608523,4.886294621285521,2.268806385093193,3.984095133126488,4.094755526302483,3.779484348506699,4.817986152817133,3.638916744208943,5.542175847127346,5.520888520749697,6.395808210815998,5.163823675236851,5.25310780388802,7.08929061337309,5.934226652554301,5.39982424869475,9.33224340215594,7.044409766271088,4.685447174826186,3.547895210297826,2.72233078973853,3.8458511629617718,2.015005075958861,3.8036267545169378,2.804171550114663,4.342664165574225,4.382873189376939,6.465806777114215,2.5460717066045437,5.317056003477865,2.140238191852727,3.574422832458565,5.30094028224721,3.2076806033510503,2.987129958696944,4.925846336756241,2.920888913552119
3.856518019087126,3.359604312183411,5.453390889753986,3.4630726517834525,3.9839632237111973,6.762491076101352,4.839049735089656,4.825939430170256,5.154211924897828,0.0,2.7726134498964266,4.743457451653989,5.4762090434148565,4.223631084047631,4.377806084936866,4.461311014125712,8.381953733345956,3.063215583439454,6.571894121749642,2.6186597950876704,7.288842147537383,3.1183125491152497,4.3282681635220825,3.6576938754402497,2.5413818555374257,4.405229475920122,7.053479016124308,5.283244822816442,5.803193607004945,5.4607568661869434,3.8163148656018437,8.515999463289958,4.603998477395979,4.846392910949872,4.522116835770657,7.422076007227546,3.333062677506963,3.8312278713022225,4.683228318860279,2.5501049021735125,8.057483194840893,5.474198951428233,3.166327744617172,6.739046980049129,5.92477000824294,6.8120430330299016,8.372721395999186,5.0139962880968385,4.489931128958221,6.167353724461516,5.1911240140240125,3.2302085367285445,4.446960094204017,8.916009361541686,4.654663412564728,6.242355385964887,13.677939602221524,3.8419800884549096,5.255925467538103,4.6652505010017284,3.4259143868744455,2.885440865314887,4.104782910064608,7.108356597130356,2.426724606449349,6.664305085676318,3.2519884159476327,5.629892770264357,3.7260394963856327,2.7953265493881454,4.710943324687027,3.3397696356423165,9.704444127971847,4.35382027169599,2.665412007202025,2.83430657710772,11.631479467756836,4.722322237278889,2.4273972736594023,13.570616307704013,11.625636138739798,8.710664224948927,3.2279113808659794,3.6393327339708,3.584048630135316,4.3098570083034815,7.6101267178211405,3.151236598362203,2.286769139670829,6.089347111228542,5.919096707047757,6.745008125044144,2.7600676786654774,6.641380761929879,5.405320116134325,3.609066717089232,5.589440050137548,4.628122407597491,9.407941266466242,6.089470501643074
3.127875419906852,2.2385256045552655,3.950166824732777,1.9727858566351764,3.4747789324151896,5.336644350212705,3.994546771472739,3.7785511189818117,3.781574467673232,2.7726134498964266,0.0,3.5301370954540623,4.008744205740283,2.8537565672869056,3.6876513239454294,4.525476593538576,7.076844716042754,2.2652234205601585,6.180823277669805,2.4886031016816212,5.821781291383109,2.960538967481165,3.800795367714837,4.370331674077395,2.6203101743088792,2.89125554589933,5.920035355932831,4.287903225229555,5.423638346638646,4.907409224822768,3.324026909565411,7.1846320579545795,3.1213613106672544,3.369803676858451,2.8499459360854726,6.006281521546562,3.565137318260207,4.474689369107579,5.160680462695793,2.5680334026680063,6.655933750269924,3.9723595110209073,2.172642277193872,5.291584577560201,4.524605006203883,5.446488456219728,6.884741217340227,4.200357658956392,3.180740478757488,4.706647447583914,3.847270107441555,2.531032765435086,3.0773188845252,7.5225817610458705,3.5760737115239793,4.913909591140866,12.381318131421523,2.624131207152232,5.469697232860396,5.337860206147232,2.98396681764801,2.932785619101064,3.7657625950588653,5.5894840185645664,2.4092642207469392,5.171480313969588,2.1596080814865624,4.35811287843183,2.646018690827459,2.2750151811000845,3.799098851626152,3.937689235454125,8.342041452957838,4.210127808115838,2.433558892998381,3.074995768507481,10.285385883636257,4.488986014924671,2.4246863650831987,12.351521099712247,10.285893938612194,7.482390708858228,1.8988696537500016,2.517361107844744,2.962331959731413,2.9212504330058486,6.420582881818872,1.6663869387562034,1.7400007739186332,4.792975756705318,5.173788802699118,5.18770281346687,2.7406911672639462,5.152079852984629,4.174450820996841,3.6255166636040017,4.590665196768332,3.1718145590730424,8.090792776101985,4.918312759889766
2.972193329829254,3.560898074139146,3.800080392933948,3.965283434534259,3.627190030910556,6.049504852156944,1.7242617351968914,3.9718271684110666,4.4066931660234125,4.743457451653989,3.5301370954540623,0.0,3.918433987806357,2.6179221397247243,3.743475059194748,5.234596662816226,7.012894440140738,4.570266441722258,5.632527372422376,4.267595897524051,5.460359139510768,4.027109131192211,2.5528110860661326,6.580838568596745,3.833667964968179,3.884373509907008,5.895387306277384,3.939388871698467,5.425609011317959,3.7123912752537205,2.8465713194141102,7.679755235803739,4.419069215725179,4.2475314440851974,3.388822792255975,6.468477682049581,5.099097520958625,5.4390430118794075,6.640990218269253,4.371984527348302,7.101882026232557,4.373694175999367,4.845293027106742,5.457765644172836,5.845109800622091,5.815885054438903,6.761844323237196,3.9942163566014903,4.929685667753645,4.522678801432882,4.0894119042901265,2.7429479648919717,3.753598537564365,7.9661687406166735,4.405655117235984,4.555399627166686,12.466800553065655,3.63072607094136,5.613778484266565,7.065252160365423,3.240451877646743,4.836595836524717,2.344865912837194,5.59325550069868,4.458153383806216,5.63006741507307,3.9043562782122643,3.380383001423677,3.8193690622776253,3.7856976406611706,4.444263041740998,5.985397937914525,8.405689654076516,4.631409988984416,4.516586063031973,5.0936289297704205,10.464019138650869,3.8351771409578346,4.144091303279553,12.55022888206526,10.361363954528445,8.276316261836776,3.7729313026476294,3.697096941320929,3.9249302488867412,4.125858944611098,6.180764624677875,3.6490030945370715,4.35967310835316,2.2751446382317764,4.668187566158132,5.1413948568159356,4.337089428270544,5.3917064518293785,4.9572866348691935,4.093644970885877,6.499756073622465,3.623445088147057,8.49925620390631,3.9891168874511296
2.983037287896199,3.2827464521755387,1.3218048130683708,3.815442587468739,4.500950930963209,4.392596518455774,4.282717249512473,2.244279792140068,3.0828871368969564,5.4762090434148565,4.008744205740283,3.918433987806357,0.0,2.4873217226497584,5.754850310371441,6.248411349108691,4.817743470975284,4.409392363422454,5.75606382616542,5.425835006077431,3.9399958653587275,5.5797280363929085,5.742949026554823,7.310650106787567,4.981343664855093,2.0822034851538813,6.442485026126229,2.903852392031896,5.680973917518588,5.539901815971793,4.288546230345882,5.8177086348233145,3.0000604784161204,2.767998606948071,2.126672875923019,5.414470857202116,5.935938190284765,6.243634530800554,7.702178180616522,4.9531212176759265,5.47820422759257,2.813736282633973,4.07478031950539,3.5028798708859474,4.599952245693173,3.781273310396441,4.784468289701957,3.695460334512055,3.2964504271464516,2.055811294372523,2.5530227888118073,4.826718461443548,2.038876408326418,5.806649492926536,2.9843585187404624,2.2646267780335174,10.764208695081035,3.088986924001972,6.608699269019704,8.09884164659905,4.728286095009615,5.996855773091852,3.876286616051911,3.0138053502867903,5.514656495085683,3.1472337063939517,3.2343637199621993,2.288305635351948,2.8206282589387417,4.484661890161262,3.7492801709400596,6.685893503251239,7.314251290473434,5.192312127344148,4.668802087135105,5.832741855018567,8.370684622037002,4.418108236557364,5.3546862878676,10.657636807479404,8.33837320253965,6.8170991174947,3.2410611415810378,3.0817856851781498,5.2850971395249635,2.3723734237332317,6.075658479300458,3.2043316151502994,4.610966669608993,4.7550807616267,4.227577628582488,2.497367962538693,4.957400460204927,3.119750957435249,3.5875705891593737,4.302829286450475,5.731596292455845,1.953156228605083,6.365702691605052,2.9217155602414904
1.5523580553615488,2.604400563205592,2.2076670786862644,3.016657779054526,3.9952209193389825,4.973549922405685,2.7907411279355823,2.5108327971514495,2.7343612536758624,4.223631084047631,2.8537565672869056,2.6179221397247243,2.4873217226497584,0.0,4.586285258522402,5.045527318056898,5.853426720439386,2.9635784750094714,5.539348507404266,3.888184667074424,5.2486320618732485,3.4600331348929374,3.7878949678686893,5.448248893267071,3.620241853972289,1.731262737549663,5.695293985016993,3.2517908356881384,5.115121969858511,4.584163323114397,3.491520426119337,6.651252310228946,2.7030085382583,2.4334021887621744,2.6339146411006427,5.859266319833852,4.321773867342296,4.788894917760443,6.168230204292436,3.652395272249265,6.109896337252302,2.6773773020792277,2.9816436505520993,4.022696701016695,4.776971081634238,4.472274753340095,5.650017143488266,3.596054744617716,3.0938747092156014,3.321004407194488,2.795549708385664,2.9042899691829307,1.687167992094654,6.673076073365355,2.952704605267386,3.4145079384373878,11.647095584647321,2.1360717005980083,5.901718398002393,6.52971660354448,2.69889387805241,4.1651975666282395,2.1648149393523686,4.237829749800934,3.580057634346858,4.084004663054236,2.299778538654632,2.550425534378556,2.03510720786248,3.0547264416842426,3.194435577762317,4.815881296514208,7.7356143150954875,4.0613021100522015,3.4944211005406127,3.9649295791432584,9.39929353051924,3.53155835524222,3.6429595390772525,11.658332446227302,9.305971775769788,7.108154412513268,2.5032166022973534,1.6236168392562778,3.147926942109196,1.9143234027610683,5.7258525882788165,2.141207853319364,3.27846112528872,3.610807014453387,4.224753052746706,3.777382903496521,3.4611280122828645,4.077588774641941,3.676668157741804,3.290269522722603,5.013920966378973,1.7455653296083957,7.255606869205389,3.167828787002987
4.544738008000191,3.8122333028922832,5.823988240747954,5.045690887640141,2.628514344977811,8.238422922961899,3.9237557290184992,5.454393187901466,6.484334528910865,4.377806084936866,3.6876513239454294,3.743475059194748,5.754850310371441,4.586285258522402,0.0,3.4618372258165637,9.610863559133477,4.908907243882673,5.017252843997163,2.882063424240242,7.855009490778751,4.199371159825366,2.740623213242368,5.667490820221921,3.616779439723534,5.460966952547472,8.101381324865464,4.965236654452424,4.470236862237338,3.033601641175497,2.6870796182458982,9.628270591248876,6.099479234120018,6.105971949822917,5.260531384706927,8.650107127999314,3.6956847914564896,4.233379301206925,4.545243952063737,4.027615127796398,9.47543314964439,6.687716814314395,5.347378374130443,7.958888005030425,7.45220016671788,8.167635738785387,9.463731418691784,4.00511839805594,6.117254335115226,6.692767866675938,5.658903753331888,2.487646328154437,5.4222446884796724,10.363177281622228,5.993375726855768,6.838001656519907,15.049970821617466,4.420007022080036,3.8165144770190285,4.795285829876072,4.424983752813687,3.1598284892632087,4.095169382860668,7.993641443264089,3.9268253687447863,7.910277604426512,4.054579960245495,5.33698891380045,4.467631697716408,3.21488712777218,5.926449242205039,5.664415592759861,10.91734864178828,3.5259113855982234,3.500607122290689,4.366730430178319,13.025104960303235,3.898031854257536,3.1893293152741737,14.841091591340938,12.965465190328798,10.47009361095589,4.105154033621234,4.9601034739684975,4.753256885629303,5.610287418187382,8.741443382361513,4.301592853183829,4.030479253819586,5.152239240136154,4.815625452902922,7.595213478863752,3.5418749992477787,7.761101352445901,6.488523360920733,4.061618509011888,7.785238439577067,5.216930923282623,10.93949850967561,6.7698210370341085
4.696180464578552,4.146289633072278,6.292795757191931,5.802270993555189,3.2841534518058,9.300010055613841,5.244649545113937,5.446042198254503,7.3393530219186855,4.461311014125712,4.525476593538576,5.234596662816226,6.248411349108691,5.045527318056898,3.4618372258165637,0.0,10.504837083982736,4.805552352013739,3.487789372616565,2.8895527930041514,9.228911007748293,4.707776588073345,4.185191613682022,3.9708168952605134,3.946053353374818,5.864795744504448,9.70644302831589,4.831242727281361,3.0549194848341794,2.9348125698050564,3.463481911619412,11.034020468334704,6.844119517520856,6.611504250527774,6.258172784840536,10.1358873675015,2.9869013995101166,3.770841614861495,2.2455753787406247,3.5618558970376846,10.602383918321564,7.417263797596041,5.561607643780002,8.81149489739613,8.74818109160005,8.906336792401058,10.442954094688792,3.4566061010762468,6.772740583183858,7.0466331418317925,5.663930967249248,3.268386047571249,5.8790446283318865,11.27591461929012,6.141835406255685,7.254663633538797,16.319329214632955,4.074401625101687,2.38059532998234,2.6622034286428846,5.342409577496139,2.8784470180914856,4.709642208138822,8.688124072130574,4.023565463153615,8.58683945000092,3.804555677239156,5.583857426970456,4.023692709473204,2.8375208699653784,6.157385573656513,4.77069437990957,12.37616310928922,1.9200169520205446,3.047267534107962,4.02625451326279,14.078767939502937,3.1052373292210174,3.0537310813282117,16.230858991920506,14.039073438981703,11.480984037273151,4.882783441113749,5.240213436234324,5.592755024225019,5.969080128716306,10.308212615130397,5.0452338149186415,4.066519067752764,7.124448017909867,3.736580837526299,8.283250507553142,2.520199170236528,8.622610400950135,6.834421814120141,3.273605843489761,7.903426859697861,5.337563319291511,11.882705658422797,7.539440810318305
6.277218897444863,6.986844305207153,4.693314852254248,6.025067126291985,8.801833969666754,2.7041187850043977,7.121775393682699,5.836421419535697,3.886765355020507,8.381953733345956,7.076844716042754,7.012894440140738,4.817743470975284,5.853426720439386,9.610863559133477,10.504837083982736,0.0,7.214008659376616,10.276191727757208,8.987778168536126,3.36059490837148,8.195222973898993,8.925722740827057,9.973256469194661,8.306251165806943,4.882211645609141,5.06996280489594,6.998859300889356,10.038824362095554,9.831221572604017,8.420598469963247,3.2630903740976955,4.411415059175805,4.657345076221492,4.753927962753845,3.2983927024396604,9.579981003458576,9.688880780787091,11.606044331928944,8.308094120963704,2.380830252238633,3.6565805535819242,6.428777497646035,2.412995746418117,4.231156909219906,2.6131901503270876,1.6960656402605756,8.210185962822276,4.882028987788433,4.387874079819409,5.793870330246683,8.430146996547165,4.827377752824588,2.16384754497536,5.456387649025106,4.292634627417447,6.420421388153253,6.8964969070970765,11.06879328740061,11.873068104442906,7.1148173493107505,9.49764354183233,7.068140310880209,2.4779030533386948,8.496447936294429,2.422061765597686,7.113095575308147,6.090055450325811,6.7054532937497004,8.178647648437932,6.011747527310441,8.971814485758417,3.774226210037497,9.44059438882801,8.457726309140707,8.848732091450639,4.064305897534873,8.626675259275434,8.781935527577984,6.531876582280436,4.004171742199067,3.6742730785355215,6.577292592607504,5.975388008456359,7.335226057984461,5.031580362384192,3.885578165710066,6.171759266990161,7.728259157186057,6.241772515888332,8.707110544116167,2.639111842155833,8.635640396344554,2.372697898188717,5.410598041905277,8.124245358174532,5.340407474055523,5.559253521819966,2.3800768731838366,4.130299785086128
3.129619683368708,2.562827647840522,4.195371758518004,2.34166489108243,4.283179102662803,5.638328933714164,4.603222422449595,3.702558049265913,3.881661473465566,3.063215583439454,2.2652234205601585,4.570266441722258,4.409392363422454,2.9635784750094714,4.908907243882673,4.805552352013739,7.214008659376616,0.0,6.480045142411667,3.054753840101001,6.285643248678428,2.866263687044505,4.696611789316993,3.731361319317281,2.805624134492325,3.023138886787293,6.534610566531969,4.440940168310886,5.659141106796835,5.688304830399857,4.178076975493244,7.447242857287309,3.3891675454764547,3.2585178611773875,3.5718984255775093,6.546061831334093,3.705580806592779,4.452118377303952,5.105988897951133,2.356036111595154,6.914375361404166,3.9769497692594618,1.9112020445101046,5.318390418771443,4.8330722571614855,5.372282824535801,7.004360656624667,4.662596739931664,3.1641322414823447,4.724076427924297,3.7889186118876976,3.3551773214553187,3.258476544201228,7.5926227333600345,3.166058698112996,4.943386222196985,12.560226978453095,2.5418483665174034,5.8977425031188115,5.170270516590825,3.0358526185629495,3.240284910561462,3.8192367936178617,5.7272826567134,2.4470200551431613,5.224808025566745,2.3681347979627714,4.460401923666075,2.4526421631551516,2.6824808268230678,3.360294201312523,3.1904099814810247,8.715398787389757,4.307317387344678,2.530410873789947,2.4969888145811177,10.382931527508202,4.584853312948808,2.9406493562366993,12.486104545307153,10.335366427085914,7.551324661035797,2.6024505382899052,2.18903787316749,2.9596264866918305,2.9379580612303853,6.8246174293300585,2.1939963989559796,2.037331537525598,5.7384713209948055,5.44523238208186,5.383010864537301,2.730251051070751,5.404814842245236,3.887790092300096,3.4836257026057527,4.530794098800517,3.1305715547067376,8.13667333354889,4.737633576608239
5.145056365352283,4.947870233096088,5.932263653010629,7.179871740017345,4.0153473700679205,9.747705403606261,5.6276934661254145,5.173652214870074,7.9218838615554725,6.571894121749642,6.180823277669805,5.632527372422376,5.75606382616542,5.539348507404266,5.017252843997163,3.487789372616565,10.276191727757208,6.480045142411667,0.0,5.379105078110894,8.978675790341708,6.847644429412704,5.71006967514474,5.417697166727319,5.75047118363373,6.375249737791511,10.250269264678954,3.8966078174297287,2.556828937488769,2.775274443752729,4.416927188119045,11.344279151665411,7.6225358115604775,7.2231572152409065,6.6549910504500085,10.71542993316044,5.297050356225542,5.415548274372766,5.168497297820939,5.557336300113917,10.95937694516263,7.8371075027597294,7.133785221817843,8.947787352532188,9.432336744998553,9.05153710702419,10.337218878421453,2.3936631482938213,7.739980780528773,6.494523277277891,5.558583497767356,5.058257370549907,6.217414220559147,11.378566267895652,6.468163385667365,6.655913202393482,16.341916271749465,4.833425424250209,3.062898023128949,5.051844353713635,6.929297642661988,5.679812666774985,5.168664535134326,8.387309412709559,6.4435606660308435,8.617591926680783,4.820053799889245,4.782978228970788,4.647209418045959,4.7794079088969905,6.717560733981137,6.173500028589803,12.743435831585733,2.968852638219949,5.045152437374987,6.2263584153058495,13.981766635032999,2.833114816309021,5.517203103392399,16.27330540491838,13.895795787714997,12.149558165384505,5.981074741768817,6.191375534906454,7.414716508112133,6.599536925311,10.998636384921626,6.22377799604534,6.072657845679698,7.434705999065787,1.8068584729375181,7.990264738320877,4.820798466332302,8.655068722408533,7.2765487577166645,4.12552908368223,9.094842974422649,5.47167519550728,11.964354909780656,7.287078674721663
3.66416104112248,2.8627249842417197,5.367429922921308,3.710841091400946,2.9219764902838374,7.417006142562705,4.354236502567902,4.829644615329639,5.5817956531463215,2.6186597950876704,2.4886031016816212,4.267595897524051,5.425835006077431,3.888184667074424,2.882063424240242,2.8895527930041514,8.987778168536126,3.054753840101001,5.379105078110894,0.0,7.723678181064886,2.7494394983270043,3.313672278261687,3.415365181447381,2.589114350527421,4.434305595449982,7.650916468119181,4.847618476427234,4.53815769297845,4.001324342215877,3.171369059782325,9.295263485160808,5.039832540184272,5.04525991554982,4.6660310078768195,8.070868322793809,2.157609989779073,3.1401585134929437,3.2226044966867478,2.1380565392789688,8.729984693806355,5.797259284629177,3.588432051385001,7.208168121422364,6.541564168580963,7.3808083966063185,8.895501965164607,4.0216490086382395,4.997724969457754,6.197561841112868,4.9475440822637236,1.8924175061169222,4.585991362947323,9.575144318419788,4.982068626537584,6.377300331806394,14.497965553130138,3.2265390630879085,4.036151188138541,3.3665886900532658,3.5434210996761086,1.5402730790384767,3.8524937937869073,7.429676669230741,1.8594610142560237,7.110660008309999,2.6626223300628826,5.217757834550839,3.1907843603338852,1.4248431971883773,4.947252374494639,3.420401660508216,10.423697978779867,2.929389933899671,1.9182608555657477,2.2514861529992425,12.377697730196413,3.7638657786619594,0.7882662260320203,14.483557790019185,12.35893301749172,9.525827659314603,3.212537722662255,3.6807406858989826,3.4880973620375566,4.478613902825774,8.273965524004891,3.052580316494695,2.042666332732449,5.850550077521179,4.876165626549213,7.030481384383283,1.5298326043244583,7.087111116962636,5.597285234884335,3.0484900513986792,6.380845994803923,4.386611068053482,10.154578212500532,6.427450233308654
5.374892887380133,5.428095483792743,4.016098858106458,4.953720394151369,7.165302240078706,2.9543076635557814,5.824648037550792,4.507040686494231,4.044432372566659,7.288842147537383,5.821781291383109,5.460359139510768,3.9399958653587275,5.2486320618732485,7.855009490778751,9.228911007748293,3.36059490837148,6.285643248678428,8.978675790341708,7.723678181064886,0.0,7.382674449910881,7.5347251495522265,9.292407410804492,6.654002829493914,4.418671679509812,4.660510812953278,5.554050360852836,8.727507193687137,8.154062445434445,6.917981095023093,4.03353643709342,4.164441267362323,4.403572552263031,3.5398731506608723,3.616308693209957,8.469495739730451,8.600712736398037,10.460307065787777,7.140831507356933,3.835430475477466,3.804574263959558,5.741989802559006,3.3021849793598093,3.9838551733571457,3.0889171220141547,3.6127777567896375,6.809817632058121,4.459198852905597,3.582631744211651,4.720143575894842,6.9846847854912015,4.149491844673772,4.2593636376362864,4.165469915931532,3.1589428379784925,8.3909121978418,5.9152732871360545,9.511409398260762,10.751820792849234,6.180285492126463,8.295119426060825,5.735904817495762,3.108006006472857,7.468980416444431,3.0147480509023223,6.110590373979553,5.185669280860746,5.709275793840652,7.086520819220169,4.703495558958708,8.23114099447464,4.982274145906148,8.327905089880627,7.190840743943684,8.031911939217743,6.257373607900227,7.375917496157271,7.523513081560758,8.161328419945349,6.187846087771162,5.2897362005295845,5.4217295090356785,5.330783270882043,6.67072486381405,4.472166376995028,4.314374076284408,5.157050194492279,6.730408085873516,5.218736662009558,7.501409097059903,2.9774690705830076,7.574580933706904,3.01207528710706,4.241915129838914,6.846531989931568,5.472450628496377,4.853245537735468,4.527917861581747,3.3830763574361042
3.5079930216529553,3.958960256812296,5.334476139733596,3.4105557578040937,4.662010700685058,6.714862204707454,3.8642261258553168,5.12069350810568,4.7033200737783405,3.1183125491152497,2.960538967481165,4.027109131192211,5.5797280363929085,3.4600331348929374,4.199371159825366,4.707776588073345,8.195222973898993,2.866263687044505,6.847644429412704,2.7494394983270043,7.382674449910881,0.0,3.1397072685026024,3.1450111338770332,3.0818118248482715,4.22583819121785,6.161915764050431,5.616582138021427,5.974399876801399,5.27841950929818,4.094736982691412,8.414310976323383,4.446995111841742,4.34661146068631,4.710130169036697,7.201651784546098,3.5770286011019503,4.176549438546667,4.79690077653802,3.012519976123674,7.842329344030908,4.886730053802109,3.253379567186837,6.3006119531892155,5.928959850541358,6.620833769832981,7.953810708377703,5.467814449969765,4.520605958814846,6.077942248918188,4.913284336845153,2.4934911586294835,4.391205666816858,8.710271050797708,4.747908646442957,6.1989547535244,13.413599159763645,3.6424051038333936,5.811871683216884,4.81965742312349,2.0141284982100043,2.751702970478634,3.282818868480683,6.866092343274887,1.8263639745653053,6.5434691568712156,3.541406376909718,5.285579132296559,3.8729174627730956,2.9374269586971526,4.341974912880958,2.4719937956089475,9.27413788417617,4.5192726171502136,3.3550343705163383,2.300407134935768,11.430618486307175,4.667966093242024,2.398479235575715,13.449993171233427,11.374551720788345,8.405758461200302,3.6014835891995713,3.12416551437349,1.626300572678292,4.156701561652139,6.833923193527431,3.34234850101874,2.7395474525345613,4.916725954650542,6.131543725662676,6.602537917798886,3.0081201769672177,6.579894168899028,4.99885637494186,3.8688284801489994,5.240235537240129,4.374674670444194,9.25610053884435,5.637754476627413
