#FilamentSensor-0.2.2j
#cell_properties
%cell_identifier
-1
%center_x
385
%center_y
274
%area
382021.0
%aspect_ratio
1.662891
%long_half_axis
449.676895
%orientation
12.594436
%order_parameter
0.174901
%new_orientation
4.536657
%new_order_parameter
0.182055
%area_interior
361039
%mean_brightness_interior
214.831597
%area_boundary
20982.0
%mean_brightness_boundary
239.297969
%excursion_ratio
0.182738
%number_filaments
855
%filaments
#number,center_x,center_y,length,angle,width,signed_curv,total_curv,verified
1,341.5,535.0,24.020824,87.614056,5.905862,0.0,0.0,false
2,433.0,324.5,25.553865,149.420773,5.944213,0.0,0.0,false
3,463.5,842.5,41.400483,37.146687,4.233563,0.0,0.0,false
4,396.0,775.5,32.756679,12.339087,4.623169,0.0,0.0,false
5,900.5,646.5,27.892651,14.534455,4.427797,0.0,0.0,false
6,434.5,325.5,30.88689,150.945396,4.579303,0.0,0.0,false
7,287.5,628.5,33.970576,42.614056,3.899726,0.0,0.0,false
8,472.5,835.0,29.0,43.602819,4.049657,0.0,0.0,false
9,334.5,478.5,21.213203,98.130102,4.609751,0.0,0.0,false
10,319.0,602.5,25.0,36.869898,4.345087,0.0,0.0,false
11,476.0,831.5,26.172505,46.548158,4.022112,0.0,0.0,false
12,325.0,597.5,21.470911,62.241459,4.317754,0.0,0.0,false
13,510.0,230.0,426.0,0.0,3.694118,0.0,0.0,false
14,148.0,644.5,423.0,90.0,3.672749,0.0,0.0,false
15,298.0,855.0,300.0,0.0,4.126421,0.0,0.0,false
16,330.0,442.0,114.856432,97.001268,4.298618,0.0,0.0,false
17,882.0,651.5,99.201814,14.596576,4.086855,0.0,0.0,false
18,866.0,655.5,96.77293,13.749049,4.097624,0.0,0.0,false
19,338.5,504.0,74.8131,98.455028,4.338757,0.0,0.0,false
20,738.5,445.0,71.449283,173.571252,3.977254,0.0,0.0,false
21,768.0,446.5,62.008064,179.075955,3.672833,0.0,0.0,false
22,730.0,443.5,60.671245,171.469234,4.003221,0.0,0.0,false
23,457.0,763.0,62.096699,14.931417,4.167071,0.0,0.0,false
24,464.5,761.0,56.293872,12.308016,4.093296,0.0,0.0,false
25,703.0,438.0,55.785303,165.465545,4.32103,0.0,0.0,false
26,888.5,684.0,53.037722,177.838921,4.040124,0.0,0.0,false
27,837.0,663.0,53.366656,12.994617,4.124385,0.0,0.0,false
28,340.5,527.0,52.086467,93.301866,4.250311,0.0,0.0,false
29,340.5,530.5,51.009803,91.123303,4.128001,0.0,0.0,false
30,400.5,775.0,50.447993,13.760785,4.099552,0.0,0.0,false
31,442.5,330.0,51.971146,149.981633,4.06302,0.0,0.0,false
32,341.0,546.5,45.398238,82.405357,4.23864,0.0,0.0,false
33,148.5,452.0,42.011903,88.636072,3.625728,0.0,0.0,false
34,694.0,436.0,41.761226,163.300756,4.18463,0.0,0.0,false
35,352.5,788.5,40.521599,15.751174,3.919376,0.0,0.0,false
36,327.5,591.5,41.593269,62.818889,3.866038,0.0,0.0,false
37,391.0,777.0,35.44009,16.38954,4.179151,0.0,0.0,false
38,431.5,324.5,34.438351,154.179008,4.15696,0.0,0.0,false
39,343.5,791.0,32.015621,14.470294,3.947883,0.0,0.0,false
40,787.0,447.5,28.017851,177.954592,3.969504,0.0,0.0,false
41,481.5,825.5,31.400637,52.765166,4.101802,0.0,0.0,false
42,737.0,455.5,24.020824,177.614056,3.4533,0.0,0.0,false
43,694.5,435.5,23.021729,177.510447,4.067665,0.0,0.0,false
44,917.0,683.5,22.203603,7.765166,3.396352,0.0,0.0,false
45,898.0,648.5,22.022716,2.602562,4.137688,0.0,0.0,false
46,584.0,343.5,24.596748,26.565051,4.06085,0.0,0.0,false
47,323.5,362.0,22.022716,87.397438,3.303829,0.0,0.0,false
48,290.0,626.5,23.086793,17.650124,4.34308,0.0,0.0,false
49,589.5,340.5,23.706539,27.645975,3.849551,0.0,0.0,false
50,567.0,401.5,21.931712,155.772255,3.371786,0.0,0.0,false
51,403.0,295.0,20.099751,174.289407,4.135716,0.0,0.0,false
52,212.0,699.0,20.0,90.0,3.463158,0.0,0.0,false
53,807.0,452.5,21.095023,148.570434,3.54579,0.0,0.0,false
54,881.5,651.5,106.480045,14.688787,4.016773,0.0,0.0,false
55,450.0,334.5,72.945185,151.326854,3.702357,0.0,0.0,false
56,300.0,618.0,78.102497,39.805571,3.979207,0.0,0.0,false
57,415.0,316.5,57.939624,158.749494,3.594219,0.0,0.0,false
58,844.5,466.0,41.436699,171.67435,3.107862,0.0,0.0,false
59,262.5,646.5,48.020829,31.373005,3.039502,0.0,0.0,false
60,478.5,349.5,43.382024,154.025606,3.216786,0.0,0.0,false
61,340.5,791.5,40.024992,12.994617,3.78155,0.0,0.0,false
62,919.5,641.0,37.854986,12.200469,3.606577,0.0,0.0,false
63,590.5,339.5,39.824616,28.495639,3.680671,0.0,0.0,false
64,593.5,377.0,35.902646,12.875002,2.979462,0.0,0.0,false
65,922.5,682.5,33.376639,8.615648,3.285388,0.0,0.0,false
66,812.5,455.5,37.121422,152.744672,3.323352,0.0,0.0,false
67,487.0,353.5,34.539832,157.890552,3.431251,0.0,0.0,false
68,324.5,399.0,32.756679,102.339087,3.998395,0.0,0.0,false
69,732.5,455.5,31.144823,174.47246,3.467567,0.0,0.0,false
70,481.5,824.5,38.600518,53.426969,3.888143,0.0,0.0,false
71,877.0,673.5,30.805844,13.134022,3.52805,0.0,0.0,false
72,563.0,399.5,32.695565,156.571307,3.376934,0.0,0.0,false
73,955.0,686.5,30.870698,155.095231,2.517112,0.0,0.0,false
74,858.0,453.5,30.870698,155.095231,3.732843,0.0,0.0,false
75,874.0,683.5,28.160256,173.884496,4.128985,0.0,0.0,false
76,516.0,348.0,36.878178,40.601295,2.851742,0.0,0.0,false
77,588.5,360.0,31.38471,30.650668,2.835529,0.0,0.0,false
78,567.5,338.5,30.88689,29.054604,2.942304,0.0,0.0,false
79,485.5,820.5,31.906112,57.804266,3.730027,0.0,0.0,false
80,595.0,368.0,26.07681,4.398705,2.739128,0.0,0.0,false
81,323.5,394.0,26.925824,105.068488,3.947925,0.0,0.0,false
82,323.0,392.0,27.202941,107.102729,3.635277,0.0,0.0,false
83,975.5,622.5,28.178006,62.525568,3.196236,0.0,0.0,false
84,377.0,780.0,26.832816,26.565051,3.419624,0.0,0.0,false
85,963.5,638.0,31.827661,43.72697,3.226848,0.0,0.0,false
86,905.5,667.5,23.021729,177.510447,3.75693,0.0,0.0,false
87,617.5,367.5,27.45906,33.111342,3.22754,0.0,0.0,false
88,572.5,360.0,26.925824,31.328693,2.806892,0.0,0.0,false
89,313.5,351.5,24.041631,73.072487,3.405217,0.0,0.0,false
90,312.5,351.5,24.698178,68.629378,3.745446,0.0,0.0,false
91,961.0,495.5,22.022716,177.397438,3.145353,0.0,0.0,false
92,933.0,475.0,26.07681,147.528808,3.429616,0.0,0.0,false
93,597.0,355.0,26.07681,32.471192,2.693648,0.0,0.0,false
94,566.0,363.5,23.769729,22.249024,2.899911,0.0,0.0,false
95,288.0,627.0,23.4094,19.983107,4.372842,0.0,0.0,false
96,860.5,454.0,24.186773,150.255119,3.705483,0.0,0.0,false
97,592.5,391.5,22.847319,23.198591,3.111418,0.0,0.0,false
98,577.5,380.5,21.213203,8.130102,2.886085,0.0,0.0,false
99,483.5,756.5,21.023796,2.726311,3.960112,0.0,0.0,false
100,340.5,304.5,28.319605,42.137595,2.937541,0.0,0.0,false
101,321.5,386.5,22.135944,108.434949,3.43836,0.0,0.0,false
102,243.5,659.0,26.400758,37.303948,2.863829,0.0,0.0,false
103,931.0,639.5,20.024984,2.862405,3.606864,0.0,0.0,false
104,925.0,489.5,20.024984,2.862405,3.344884,0.0,0.0,false
105,581.0,355.0,23.323808,30.963757,2.754925,0.0,0.0,false
106,570.0,392.5,21.18962,160.709954,3.699888,0.0,0.0,false
107,582.0,344.5,23.853721,33.023868,3.927081,0.0,0.0,false
108,497.0,356.0,20.099751,174.289407,3.665109,0.0,0.0,false
109,302.0,622.0,24.413111,34.99202,3.328443,0.0,0.0,false
110,298.0,788.0,23.323808,149.036243,2.829222,0.0,0.0,false
111,291.0,784.5,21.931712,155.772255,2.927503,0.0,0.0,false
112,277.0,632.0,23.323808,30.963757,3.500709,0.0,0.0,false
113,966.5,692.0,21.470911,152.241459,2.571713,0.0,0.0,false
114,961.0,558.5,24.839485,130.100908,2.657279,0.0,0.0,false
115,961.5,511.5,25.495098,48.17983,2.554363,0.0,0.0,false
116,912.5,487.5,20.248457,159.775141,3.317433,0.0,0.0,false
117,624.0,348.5,23.600847,53.615648,3.317898,0.0,0.0,false
118,546.5,340.5,21.023796,25.346176,2.503142,0.0,0.0,false
119,538.5,344.5,21.954498,30.068583,2.679741,0.0,0.0,false
120,958.5,555.0,23.430749,129.805571,2.696681,0.0,0.0,false
121,868.0,472.5,20.124612,153.434949,2.708328,0.0,0.0,false
122,555.0,346.5,23.430749,39.805571,2.928518,0.0,0.0,false
123,242.0,766.0,20.59126,60.945396,2.662364,0.0,0.0,false
124,972.5,530.5,20.248457,147.094757,3.540903,0.0,0.0,false
125,956.5,644.5,22.671568,48.576334,3.076004,0.0,0.0,false
126,969.5,547.0,20.615528,129.093859,3.360865,0.0,0.0,false
127,524.0,341.0,20.0,36.869898,2.44253,0.0,0.0,false
128,535.0,347.0,20.0,36.869898,2.54562,0.0,0.0,false
129,322.5,603.0,20.615528,50.906141,3.668526,0.0,0.0,false
130,267.0,776.5,20.615528,140.906141,2.935445,0.0,0.0,false
131,969.5,528.0,20.518285,136.974934,3.281485,0.0,0.0,false
132,941.0,496.5,20.518285,133.025066,2.257283,0.0,0.0,false
133,883.5,601.0,20.518285,136.974934,2.832466,0.0,0.0,false
134,539.0,336.5,20.518285,46.974934,2.772819,0.0,0.0,false
135,510.0,229.0,430.0,0.0,1.7,0.0,0.0,false
136,149.0,642.5,429.0,90.0,2.669626,0.0,0.0,false
137,334.0,472.0,177.36967,97.125016,2.615628,0.0,0.0,false
138,874.0,654.0,133.880544,13.828651,2.533019,0.0,0.0,false
139,375.5,782.0,118.359621,13.68402,2.291445,0.0,0.0,false
140,148.5,476.0,102.044108,88.315316,2.328083,0.0,0.0,false
141,674.0,230.5,100.04499,178.281642,2.391344,0.0,0.0,false
142,328.5,428.5,100.448992,99.743641,2.325897,0.0,0.0,false
143,726.0,442.0,99.297533,170.727398,2.334052,0.0,0.0,false
144,330.5,448.0,98.249682,94.085617,2.377588,0.0,0.0,false
145,452.5,335.5,105.11898,152.216074,2.47456,0.0,0.0,false
146,760.5,446.5,91.137259,176.855043,2.470025,0.0,0.0,false
147,274.5,638.5,108.452755,32.957425,2.318021,0.0,0.0,false
148,854.5,658.5,90.60905,10.813878,2.199079,0.0,0.0,false
149,271.0,641.5,103.773792,32.005383,2.307739,0.0,0.0,false
150,715.5,440.0,88.842557,168.310631,2.474083,0.0,0.0,false
151,149.0,547.5,85.094066,92.694284,2.236929,0.0,0.0,false
152,424.5,322.0,89.470666,154.867045,2.401381,0.0,0.0,false
153,878.0,653.0,79.699435,17.525568,2.478236,0.0,0.0,false
154,333.5,463.0,74.168727,93.865461,2.429222,0.0,0.0,false
155,297.0,619.5,91.547802,40.126104,2.402814,0.0,0.0,false
156,325.5,407.5,70.611614,102.264774,2.348341,0.0,0.0,false
157,299.0,618.5,87.206651,40.815084,2.500944,0.0,0.0,false
158,412.5,772.0,65.490457,7.016502,2.391464,0.0,0.0,false
159,336.5,486.5,66.287254,101.309932,2.372778,0.0,0.0,false
160,149.0,608.5,65.122961,93.521453,2.378263,0.0,0.0,false
161,338.0,565.0,66.483081,74.291362,2.325941,0.0,0.0,false
162,340.0,545.0,64.124878,86.423666,2.503998,0.0,0.0,false
163,149.0,653.0,64.124878,93.576334,2.324526,0.0,0.0,false
164,917.0,683.0,62.289646,5.52754,2.161076,0.0,0.0,false
165,149.0,826.0,62.128898,86.308614,2.230751,0.0,0.0,false
166,891.5,671.0,61.814238,9.30994,2.245533,0.0,0.0,false
167,898.5,684.5,61.073726,2.815557,2.373714,0.0,0.0,false
168,329.0,433.0,60.033324,91.909152,2.28181,0.0,0.0,false
169,212.0,696.0,60.133186,86.185925,2.21395,0.0,0.0,false
170,450.5,334.0,70.178344,147.215719,2.467078,0.0,0.0,false
171,429.5,768.5,59.413803,6.766175,2.346209,0.0,0.0,false
172,383.5,779.5,58.051701,10.922805,2.23257,0.0,0.0,false
173,341.5,468.5,57.706152,98.972627,1.979093,0.0,0.0,false
174,429.0,854.0,54.332311,6.340192,2.326703,0.0,0.0,false
175,782.5,448.0,53.150729,175.683972,2.301764,0.0,0.0,false
176,328.0,589.5,59.941638,62.152422,2.500403,0.0,0.0,false
177,342.5,471.5,53.235327,95.389312,2.253864,0.0,0.0,false
178,594.0,231.0,52.153619,175.601295,2.248238,0.0,0.0,false
179,370.0,854.5,52.239832,5.492325,2.203821,0.0,0.0,false
180,406.0,854.5,52.239832,174.507675,2.320538,0.0,0.0,false
181,368.0,231.0,52.153619,4.398705,2.219605,0.0,0.0,false
182,149.0,468.0,52.153619,94.398705,2.334388,0.0,0.0,false
183,659.5,231.0,51.156622,175.515394,2.192218,0.0,0.0,false
184,600.5,366.5,51.244512,5.599339,1.896908,0.0,0.0,false
185,384.5,231.0,51.156622,175.515394,2.280323,0.0,0.0,false
186,395.5,293.5,51.478151,172.184706,2.277585,0.0,0.0,false
187,352.5,231.0,51.156622,175.515394,2.182998,0.0,0.0,false
188,588.0,378.0,50.990195,11.309932,2.353134,0.0,0.0,false
189,581.0,354.0,58.309519,30.963757,1.917624,0.0,0.0,false
190,327.0,412.0,50.039984,92.29061,2.411983,0.0,0.0,false
191,958.5,688.5,53.310412,156.801409,1.97261,0.0,0.0,false
192,738.5,455.5,49.497475,171.869898,2.129329,0.0,0.0,false
193,815.0,456.5,52.392748,156.370622,2.272161,0.0,0.0,false
194,598.0,367.5,48.010416,1.193489,2.337003,0.0,0.0,false
195,594.0,376.5,50.289164,17.354025,2.155685,0.0,0.0,false
196,424.0,854.5,48.259714,174.053137,2.259579,0.0,0.0,false
197,842.5,465.0,47.67599,170.340107,2.154856,0.0,0.0,false
198,980.0,576.0,46.69047,99.865807,2.135555,0.0,0.0,false
199,595.0,338.0,50.990195,25.559965,2.333871,0.0,0.0,false
200,468.0,352.5,53.338541,149.588919,1.895798,0.0,0.0,false
201,210.5,706.0,46.010868,88.754636,1.915227,0.0,0.0,false
202,787.5,448.0,45.398238,172.405357,2.24896,0.0,0.0,false
203,318.5,602.5,57.008771,52.125016,2.186908,0.0,0.0,false
204,883.0,671.5,45.354162,14.036243,2.455544,0.0,0.0,false
205,549.0,324.5,44.28318,173.516926,2.110968,0.0,0.0,false
206,412.0,315.0,45.607017,164.744881,2.36938,0.0,0.0,false
207,285.0,627.5,52.697249,33.388514,2.258214,0.0,0.0,false
208,923.5,641.0,43.185646,5.314546,1.986128,0.0,0.0,false
209,735.5,454.5,43.104524,176.009087,1.939515,0.0,0.0,false
210,575.5,357.5,48.764741,28.141601,2.039372,0.0,0.0,false
211,466.5,352.5,50.774009,147.875002,1.987522,0.0,0.0,false
212,461.5,843.0,51.312766,33.070678,2.428154,0.0,0.0,false
213,392.5,293.5,43.931765,168.178512,2.31685,0.0,0.0,false
214,327.5,593.5,50.774009,57.875002,2.214611,0.0,0.0,false
215,929.0,640.5,42.107007,4.085617,1.96895,0.0,0.0,false
216,931.0,655.0,42.426407,8.130102,2.160291,0.0,0.0,false
217,590.0,340.5,48.877398,30.76272,2.388718,0.0,0.0,false
218,542.0,231.0,42.190046,174.559668,2.226865,0.0,0.0,false
219,445.0,764.5,43.965896,17.198541,2.292621,0.0,0.0,false
220,437.0,231.0,42.190046,174.559668,2.214572,0.0,0.0,false
221,417.0,231.0,42.190046,174.559668,2.284433,0.0,0.0,false
222,311.5,595.0,46.097722,114.34109,1.969381,0.0,0.0,false
223,149.0,696.0,42.190046,95.440332,2.23797,0.0,0.0,false
224,149.0,581.0,42.190046,95.440332,2.352215,0.0,0.0,false
225,981.0,581.5,41.19466,95.572198,2.102706,0.0,0.0,false
226,472.5,355.5,47.010637,150.708638,2.033371,0.0,0.0,false
227,485.0,817.5,46.52956,61.782644,2.446438,0.0,0.0,false
228,873.0,456.0,40.199502,174.289407,1.93278,0.0,0.0,false
229,858.0,454.0,42.37924,160.709954,2.258509,0.0,0.0,false
230,813.0,456.0,44.72136,153.434949,2.446067,0.0,0.0,false
231,600.0,335.0,43.081318,21.801409,2.189637,0.0,0.0,false
232,519.0,345.5,49.406477,35.942112,2.048878,0.0,0.0,false
233,285.0,629.0,53.814496,41.987212,2.079443,0.0,0.0,false
234,593.5,357.0,44.777226,29.427456,2.259379,0.0,0.0,false
235,486.5,814.5,42.544095,66.447736,2.435504,0.0,0.0,false
236,314.5,348.5,40.024992,77.005383,2.146407,0.0,0.0,false
237,903.0,667.0,38.052595,3.012788,2.128252,0.0,0.0,false
238,692.0,435.0,41.231056,157.166346,2.408895,0.0,0.0,false
239,548.0,340.0,41.231056,22.833654,2.10453,0.0,0.0,false
240,481.0,824.0,47.201695,53.615648,2.417088,0.0,0.0,false
241,486.5,813.0,40.162171,71.113913,2.136135,0.0,0.0,false
242,371.0,782.5,42.485292,26.565051,2.139298,0.0,0.0,false
243,328.0,590.0,47.201695,53.615648,2.194803,0.0,0.0,false
244,340.5,461.0,38.118237,94.513988,1.901428,0.0,0.0,false
245,340.0,552.0,40.496913,69.775141,2.254613,0.0,0.0,false
246,309.0,470.0,38.209946,96.009006,2.217652,0.0,0.0,false
247,311.5,354.0,40.162171,71.113913,2.446551,0.0,0.0,false
248,900.5,669.5,37.121422,4.635463,2.304166,0.0,0.0,false
249,593.5,357.0,44.102154,32.969404,2.364025,0.0,0.0,false
250,928.0,656.5,36.124784,4.763642,1.912122,0.0,0.0,false
251,556.0,337.0,37.947332,18.434949,1.842375,0.0,0.0,false
252,455.0,799.5,36.674242,11.003541,2.004081,0.0,0.0,false
253,418.0,771.5,36.013886,1.59114,2.154872,0.0,0.0,false
254,407.0,804.0,36.055513,3.17983,2.142702,0.0,0.0,false
255,313.0,512.0,36.496575,99.462322,2.13934,0.0,0.0,false
256,296.0,787.0,38.626416,158.749494,2.007869,0.0,0.0,false
257,264.0,645.0,40.249224,26.565051,2.14048,0.0,0.0,false
258,882.5,672.5,36.687873,17.447188,2.251177,0.0,0.0,false
259,830.5,463.5,36.687873,162.552812,2.154307,0.0,0.0,false
260,564.5,340.5,41.880783,33.310631,2.15163,0.0,0.0,false
261,429.5,768.0,35.057096,3.270488,2.107137,0.0,0.0,false
262,372.5,782.5,35.355339,8.130102,2.227112,0.0,0.0,false
263,391.5,293.0,36.400549,164.054604,2.347824,0.0,0.0,false
264,288.5,626.5,37.336309,20.376435,2.428574,0.0,0.0,false
265,909.0,644.0,36.769553,22.380135,2.383143,0.0,0.0,false
266,602.0,419.0,34.234486,96.709837,1.903428,0.0,0.0,false
267,564.0,399.5,35.735137,162.07208,2.056538,0.0,0.0,false
268,490.0,354.0,35.44009,163.61046,2.323093,0.0,0.0,false
269,465.0,318.0,37.576588,154.798876,2.230144,0.0,0.0,false
270,964.0,637.5,44.598206,47.726311,2.193032,0.0,0.0,false
271,928.5,472.0,38.587563,148.781597,2.238227,0.0,0.0,false
272,881.5,671.5,35.468296,21.501434,2.259259,0.0,0.0,false
273,867.5,472.0,35.1141,160.016893,1.9949,0.0,0.0,false
274,854.5,449.5,40.224371,145.124672,2.156609,0.0,0.0,false
275,637.5,383.0,35.1141,160.016893,2.138563,0.0,0.0,false
276,548.5,323.5,33.734256,168.023868,2.01885,0.0,0.0,false
277,517.5,346.5,42.638011,39.289407,2.317259,0.0,0.0,false
278,465.5,318.0,37.589892,151.38954,2.290903,0.0,0.0,false
279,379.5,808.5,33.015148,178.264295,2.27356,0.0,0.0,false
280,331.0,313.5,44.598206,47.726311,1.960715,0.0,0.0,false
281,307.5,467.5,33.015148,91.735705,1.942843,0.0,0.0,false
282,278.5,803.0,34.481879,163.141601,2.197455,0.0,0.0,false
283,301.5,617.5,45.276926,46.789911,2.275968,0.0,0.0,false
284,962.0,639.5,44.553339,44.09062,2.151687,0.0,0.0,false
285,929.0,473.0,38.832976,145.491477,2.153868,0.0,0.0,false
286,948.0,683.5,33.837849,161.029592,2.212059,0.0,0.0,false
287,869.0,481.5,33.24154,164.291362,1.925897,0.0,0.0,false
288,693.0,434.5,32.015621,178.210089,2.262423,0.0,0.0,false
289,591.0,392.0,32.984845,14.036243,2.060561,0.0,0.0,false
290,563.0,401.0,34.928498,156.370622,2.176697,0.0,0.0,false
291,563.0,399.0,36.71512,150.642246,2.211732,0.0,0.0,false
292,511.0,231.0,32.249031,172.874984,2.228272,0.0,0.0,false
293,484.0,231.0,32.249031,172.874984,2.366,0.0,0.0,false
294,486.0,819.0,36.71512,60.642246,2.562942,0.0,0.0,false
295,504.0,231.0,32.249031,7.125016,2.366,0.0,0.0,false
296,464.0,760.5,32.140317,5.355825,2.256706,0.0,0.0,false
297,450.0,312.0,34.176015,159.443955,2.075367,0.0,0.0,false
298,439.0,329.0,34.176015,159.443955,2.307834,0.0,0.0,false
299,343.0,434.0,34.176015,110.556045,1.748418,0.0,0.0,false
300,315.0,793.0,32.557641,169.380345,2.327734,0.0,0.0,false
301,280.0,803.0,34.928498,156.370622,2.113835,0.0,0.0,false
302,283.0,782.0,32.984845,165.963757,2.163716,0.0,0.0,false
303,149.0,828.0,32.249031,97.125016,2.323057,0.0,0.0,false
304,149.0,679.0,32.249031,82.874984,2.260335,0.0,0.0,false
305,975.0,622.5,35.846897,59.858614,2.217957,0.0,0.0,false
306,922.5,489.5,31.144823,174.47246,2.292881,0.0,0.0,false
307,891.5,683.5,31.400637,170.837653,2.217133,0.0,0.0,false
308,747.5,442.0,32.015621,14.470294,1.881606,0.0,0.0,false
309,705.5,438.5,33.615473,157.249024,2.380382,0.0,0.0,false
310,672.5,231.5,31.400637,170.837653,1.990138,0.0,0.0,false
311,530.5,337.5,36.359318,31.504267,2.02447,0.0,0.0,false
312,389.5,293.0,32.572995,162.121303,2.417808,0.0,0.0,false
313,353.5,854.5,31.400637,9.162347,2.114662,0.0,0.0,false
314,355.5,443.5,31.144823,84.47246,1.963297,0.0,0.0,false
315,331.5,794.0,31.064449,3.691386,2.331001,0.0,0.0,false
316,329.0,435.5,32.015621,104.470294,2.354384,0.0,0.0,false
317,308.5,360.5,31.400637,80.837653,2.021404,0.0,0.0,false
318,984.0,697.0,30.265492,172.405357,1.961833,0.0,0.0,false
319,878.0,458.5,30.016662,1.909152,2.247254,0.0,0.0,false
320,753.0,457.5,30.413813,170.537678,2.042985,0.0,0.0,false
321,569.0,338.5,32.695565,23.428693,1.830491,0.0,0.0,false
322,576.0,358.5,36.619667,34.99202,2.052817,0.0,0.0,false
323,572.0,392.5,30.805844,166.865978,2.437184,0.0,0.0,false
324,481.0,344.0,34.0,151.927513,2.149709,0.0,0.0,false
325,476.0,321.0,30.594117,168.690068,2.266801,0.0,0.0,false
326,449.0,335.0,31.622777,161.565051,1.938471,0.0,0.0,false
327,337.0,318.5,30.805844,13.134022,2.143618,0.0,0.0,false
328,330.5,449.0,30.149627,84.289407,2.115192,0.0,0.0,false
329,322.5,360.0,30.016662,88.090848,1.889843,0.0,0.0,false
330,309.0,808.5,30.413813,170.537678,2.274462,0.0,0.0,false
331,314.5,520.0,30.413813,99.462322,2.200758,0.0,0.0,false
332,309.5,470.0,30.016662,91.909152,2.333337,0.0,0.0,false
333,298.5,632.0,30.016662,91.909152,1.856946,0.0,0.0,false
334,951.5,532.5,29.154759,84.093859,2.251706,0.0,0.0,false
335,943.5,483.5,39.623226,137.045408,2.001872,0.0,0.0,false
336,916.5,488.0,30.083218,164.577839,2.087619,0.0,0.0,false
337,903.5,463.0,29.068884,176.054814,2.272636,0.0,0.0,false
338,628.5,381.5,29.832868,76.429566,2.087968,0.0,0.0,false
339,610.5,331.0,30.083218,15.422161,1.953454,0.0,0.0,false
340,578.5,344.5,29.832868,13.570434,2.20267,0.0,0.0,false
341,559.5,343.5,37.013511,38.418055,2.255877,0.0,0.0,false
342,563.5,364.0,30.675723,19.025606,2.112398,0.0,0.0,false
343,467.5,441.5,29.017236,1.974934,2.164372,0.0,0.0,false
344,449.5,766.5,29.017236,1.974934,2.094069,0.0,0.0,false
345,443.5,801.5,29.017236,1.974934,2.214716,0.0,0.0,false
346,422.5,319.5,29.832868,166.429566,2.326893,0.0,0.0,false
347,396.5,308.5,33.615473,149.620874,1.884531,0.0,0.0,false
348,344.5,435.5,29.832868,103.570434,2.044832,0.0,0.0,false
349,340.5,537.5,30.364453,72.758541,2.157379,0.0,0.0,false
350,312.5,522.5,31.780497,65.854458,2.035958,0.0,0.0,false
351,309.0,360.5,30.083218,74.577839,2.47568,0.0,0.0,false
352,295.5,785.5,33.615473,149.620874,1.95207,0.0,0.0,false
353,212.0,696.5,29.274562,97.853313,2.127665,0.0,0.0,false
354,909.0,667.5,28.442925,10.124672,2.190979,0.0,0.0,false
355,923.0,471.0,29.12044,164.054604,2.328111,0.0,0.0,false
356,895.0,499.0,28.071338,94.085617,2.279124,0.0,0.0,false
357,903.0,463.5,28.017851,2.045408,2.010701,0.0,0.0,false
358,875.0,459.0,28.071338,4.085617,1.974389,0.0,0.0,false
359,738.0,414.5,28.160256,173.884496,2.241379,0.0,0.0,false
360,595.0,346.0,34.409301,35.537678,1.908246,0.0,0.0,false
361,616.0,367.5,33.837849,34.159695,2.158207,0.0,0.0,false
362,565.0,542.0,28.0,0.0,2.218519,0.0,0.0,false
363,482.0,361.0,30.463092,156.801409,2.000607,0.0,0.0,false
364,476.0,320.5,28.017851,177.954592,2.304858,0.0,0.0,false
365,459.0,314.0,28.635642,167.905243,2.227503,0.0,0.0,false
366,428.0,301.5,28.160256,173.884496,2.179599,0.0,0.0,false
367,427.0,314.0,28.284271,81.869898,2.228066,0.0,0.0,false
368,416.0,802.5,28.442925,10.124672,1.95553,0.0,0.0,false
369,385.0,809.0,28.071338,4.085617,2.227185,0.0,0.0,false
370,322.0,854.5,28.442925,10.124672,2.310048,0.0,0.0,false
371,316.0,502.0,34.409301,54.462322,2.065347,0.0,0.0,false
372,310.0,428.0,28.284271,81.869898,2.124558,0.0,0.0,false
373,292.0,627.0,28.284271,8.130102,2.301161,0.0,0.0,false
374,230.0,768.0,28.071338,94.085617,2.209863,0.0,0.0,false
375,868.5,473.0,29.546573,156.037511,2.19551,0.0,0.0,false
376,826.5,468.5,27.018512,177.878904,1.634542,0.0,0.0,false
377,829.5,435.0,28.79236,159.676863,1.60214,0.0,0.0,false
378,812.5,431.0,27.073973,175.763605,2.240288,0.0,0.0,false
379,761.0,426.5,28.160256,73.495639,2.120754,0.0,0.0,false
380,667.5,381.5,27.45906,10.491477,1.866143,0.0,0.0,false
381,591.5,391.5,29.154759,22.166346,2.408464,0.0,0.0,false
382,600.5,415.5,27.018512,92.121096,1.96535,0.0,0.0,false
383,579.5,393.5,27.018512,177.878904,2.271217,0.0,0.0,false
384,547.0,384.5,28.79236,110.323137,1.923573,0.0,0.0,false
385,512.5,330.5,27.166155,173.659808,1.988811,0.0,0.0,false
386,535.0,341.5,33.600595,53.471145,2.003955,0.0,0.0,false
387,462.5,317.0,31.38471,149.349332,2.24167,0.0,0.0,false
388,367.5,292.5,27.892651,14.534455,2.099085,0.0,0.0,false
389,364.0,623.5,27.073973,85.763605,2.105038,0.0,0.0,false
390,341.5,544.5,27.892651,104.534455,2.209569,0.0,0.0,false
391,313.0,594.5,31.38471,120.650668,2.024378,0.0,0.0,false
392,309.5,476.5,27.45906,100.491477,2.121698,0.0,0.0,false
393,303.5,590.5,27.892651,75.465545,2.061284,0.0,0.0,false
394,268.5,615.5,27.892651,104.534455,2.017724,0.0,0.0,false
395,984.0,696.5,26.019224,177.797402,1.962042,0.0,0.0,false
396,978.0,563.0,27.202941,107.102729,2.208895,0.0,0.0,false
397,967.0,544.0,28.635642,114.775141,2.166155,0.0,0.0,false
398,976.0,557.0,27.856777,111.037511,2.163877,0.0,0.0,false
399,953.0,543.0,26.683328,102.994617,1.87473,0.0,0.0,false
400,943.5,484.0,36.069378,133.876697,2.170183,0.0,0.0,false
401,953.5,525.0,27.513633,70.906508,2.15045,0.0,0.0,false
402,960.0,496.0,26.0,0.0,2.0,0.0,0.0,false
403,900.0,666.5,26.925824,164.931512,2.100462,0.0,0.0,false
404,827.0,469.5,26.019224,2.202598,2.254423,0.0,0.0,false
405,761.5,426.0,26.476405,79.114473,2.189062,0.0,0.0,false
406,715.0,422.0,27.202941,107.102729,2.069814,0.0,0.0,false
407,668.5,394.0,26.019224,92.202598,2.066493,0.0,0.0,false
408,631.0,351.0,34.058773,130.236358,1.786607,0.0,0.0,false
409,582.0,553.0,31.622777,124.695154,1.863017,0.0,0.0,false
410,570.0,402.0,26.683328,167.005383,2.230755,0.0,0.0,false
411,566.0,325.5,26.925824,15.068488,2.447073,0.0,0.0,false
412,550.0,390.0,27.856777,68.962489,2.131961,0.0,0.0,false
413,533.0,344.0,28.635642,65.224859,2.132118,0.0,0.0,false
414,498.0,355.5,26.019224,177.797402,2.096749,0.0,0.0,false
415,489.5,329.0,26.172505,96.581945,1.92593,0.0,0.0,false
416,476.0,749.0,27.856777,21.037511,1.885826,0.0,0.0,false
417,465.0,441.5,26.476405,10.885527,2.184413,0.0,0.0,false
418,483.0,345.5,28.231188,157.0679,2.143192,0.0,0.0,false
419,452.0,800.5,26.476405,169.114473,2.306781,0.0,0.0,false
420,429.0,305.5,28.231188,157.0679,2.063711,0.0,0.0,false
421,354.5,446.0,26.019224,87.797402,2.053489,0.0,0.0,false
422,340.0,305.5,34.71311,41.496468,1.97929,0.0,0.0,false
423,342.0,433.0,26.683328,102.994617,1.913983,0.0,0.0,false
424,310.5,359.0,29.068884,63.434949,2.149804,0.0,0.0,false
425,302.0,586.0,26.07681,175.601295,2.130234,0.0,0.0,false
426,291.0,594.5,26.172505,6.581945,2.225915,0.0,0.0,false
427,978.5,570.5,25.019992,92.29061,2.07235,0.0,0.0,false
428,958.5,495.0,25.317978,9.090277,2.068389,0.0,0.0,false
429,960.0,513.5,32.015621,51.340192,1.992608,0.0,0.0,false
430,959.5,513.5,33.970576,47.385944,2.057424,0.0,0.0,false
431,833.5,436.5,27.313001,156.250506,1.785128,0.0,0.0,false
432,811.5,432.5,25.179357,6.842773,1.901749,0.0,0.0,false
433,743.5,420.0,27.730849,25.641006,1.874279,0.0,0.0,false
434,749.5,622.5,25.179357,96.842773,1.934859,0.0,0.0,false
435,738.5,624.0,25.317978,170.909723,1.806463,0.0,0.0,false
436,690.5,231.0,25.317978,170.909723,2.265139,0.0,0.0,false
437,696.5,405.5,28.178006,117.474432,2.018725,0.0,0.0,false
438,678.5,400.5,26.570661,70.201124,2.141323,0.0,0.0,false
439,644.5,414.0,25.079872,4.573921,2.334751,0.0,0.0,false
440,625.0,347.5,28.653098,60.751174,2.25255,0.0,0.0,false
441,614.5,329.5,25.179357,6.842773,2.077791,0.0,0.0,false
442,612.5,401.5,25.96151,15.642246,2.213105,0.0,0.0,false
443,576.5,346.0,25.317978,9.090277,2.255319,0.0,0.0,false
444,427.5,312.5,25.96151,74.357754,2.229282,0.0,0.0,false
445,415.5,761.5,25.019992,2.29061,2.175314,0.0,0.0,false
446,340.5,510.0,25.317978,170.909723,2.073139,0.0,0.0,false
447,342.0,543.5,26.248809,107.744672,2.241001,0.0,0.0,false
448,315.5,490.5,30.232433,124.215702,2.093073,0.0,0.0,false
449,309.5,433.5,25.495098,78.690068,2.047877,0.0,0.0,false
450,305.0,405.5,25.70992,103.495733,1.958425,0.0,0.0,false
451,306.5,372.5,25.179357,83.157227,2.176596,0.0,0.0,false
452,280.5,609.0,28.653098,29.248826,2.136789,0.0,0.0,false
453,208.5,737.5,25.96151,74.357754,2.027537,0.0,0.0,false
454,149.0,712.5,25.317978,99.090277,2.265459,0.0,0.0,false
455,149.0,533.5,25.317978,99.090277,2.232669,0.0,0.0,false
456,149.0,519.5,25.317978,99.090277,2.122875,0.0,0.0,false
457,982.0,583.0,24.738634,104.036243,2.11189,0.0,0.0,false
458,953.0,545.0,25.298221,108.434949,2.283752,0.0,0.0,false
459,952.0,529.0,24.33105,80.537678,2.272295,0.0,0.0,false
460,944.0,485.0,30.0,126.869898,2.09508,0.0,0.0,false
461,913.0,487.0,25.298221,161.565051,2.080212,0.0,0.0,false
462,891.0,668.0,26.832816,26.565051,2.246685,0.0,0.0,false
463,881.0,475.5,24.020824,177.614056,1.902112,0.0,0.0,false
464,880.0,456.5,24.515301,168.231711,2.003996,0.0,0.0,false
465,655.5,411.0,24.020824,87.614056,1.933536,0.0,0.0,false
466,625.0,355.5,24.020824,2.385944,2.012744,0.0,0.0,false
467,630.0,375.0,26.0,67.380135,1.961059,0.0,0.0,false
468,580.5,549.0,30.610456,128.367485,1.969403,0.0,0.0,false
469,576.0,380.5,24.020824,2.385944,2.173399,0.0,0.0,false
470,553.5,383.0,27.294688,61.557071,1.951764,0.0,0.0,false
471,567.0,324.5,24.515301,11.768289,2.145381,0.0,0.0,false
472,487.0,363.0,25.298221,161.565051,1.932645,0.0,0.0,false
473,484.0,521.0,24.33105,99.462322,2.043867,0.0,0.0,false
474,443.0,332.5,24.515301,168.231711,2.090389,0.0,0.0,false
475,402.0,294.0,26.0,157.380135,1.896979,0.0,0.0,false
476,338.0,318.5,24.020824,2.385944,1.886067,0.0,0.0,false
477,335.0,571.0,24.083189,85.236358,2.3094,0.0,0.0,false
478,318.0,504.0,24.083189,85.236358,2.083815,0.0,0.0,false
479,309.0,430.0,24.083189,85.236358,2.178687,0.0,0.0,false
480,312.0,810.0,24.083189,175.236358,2.431048,0.0,0.0,false
481,280.0,608.5,29.410882,35.311213,2.276717,0.0,0.0,false
482,278.0,742.0,26.0,67.380135,2.094823,0.0,0.0,false
483,294.0,625.5,24.020824,2.385944,2.328128,0.0,0.0,false
484,260.5,789.0,27.294688,118.442929,2.179433,0.0,0.0,false
485,269.0,797.5,28.301943,147.994617,2.171611,0.0,0.0,false
486,219.0,663.0,28.84441,56.309932,2.182889,0.0,0.0,false
487,211.0,721.0,24.083189,94.763642,1.974252,0.0,0.0,false
488,961.0,556.5,31.827661,133.72697,1.685737,0.0,0.0,false
489,924.5,499.5,27.45906,56.888658,2.084616,0.0,0.0,false
490,925.5,499.5,28.600699,53.530766,2.141433,0.0,0.0,false
491,905.5,631.5,23.194827,172.568592,2.166455,0.0,0.0,false
492,911.5,486.5,24.698178,158.629378,2.107035,0.0,0.0,false
493,877.5,475.5,23.537205,167.735226,2.080094,0.0,0.0,false
494,802.5,424.0,23.769729,165.379126,1.635782,0.0,0.0,false
495,785.5,427.5,23.194827,7.431408,2.27966,0.0,0.0,false
496,776.5,428.5,24.698178,68.629378,2.079124,0.0,0.0,false
497,763.5,422.5,23.537205,12.264774,2.099245,0.0,0.0,false
498,750.5,623.5,23.021729,92.489553,2.175228,0.0,0.0,false
499,715.5,422.5,24.698178,111.370622,1.962128,0.0,0.0,false
500,700.5,435.0,23.086793,4.969741,1.887182,0.0,0.0,false
501,714.0,422.5,25.942244,117.552812,1.970706,0.0,0.0,false
502,664.5,419.0,23.769729,14.620874,1.910055,0.0,0.0,false
503,678.0,401.5,25.079872,66.501434,1.956869,0.0,0.0,false
504,657.5,378.0,23.345235,9.865807,1.854752,0.0,0.0,false
505,623.5,355.5,23.537205,12.264774,2.051768,0.0,0.0,false
506,616.5,329.5,23.021729,2.489553,1.931624,0.0,0.0,false
507,611.5,401.5,24.698178,21.370622,2.270158,0.0,0.0,false
508,590.5,349.5,25.495098,25.559965,2.00065,0.0,0.0,false
509,581.5,394.0,23.086793,4.969741,2.327432,0.0,0.0,false
510,577.5,345.0,23.086793,4.969741,2.341464,0.0,0.0,false
511,571.5,403.0,23.086793,175.030259,1.980168,0.0,0.0,false
512,566.5,326.0,24.351591,19.179008,2.300936,0.0,0.0,false
513,548.5,392.5,23.537205,77.735226,2.059894,0.0,0.0,false
514,528.5,323.0,23.345235,9.865807,2.177191,0.0,0.0,false
515,471.5,346.0,24.351591,160.820992,2.140774,0.0,0.0,false
516,467.5,797.5,23.194827,7.431408,1.930078,0.0,0.0,false
517,429.5,302.0,23.0,0.0,2.245455,0.0,0.0,false
518,413.5,762.5,23.194827,7.431408,2.118256,0.0,0.0,false
519,394.5,423.5,23.194827,7.431408,1.961953,0.0,0.0,false
520,339.5,509.0,23.086793,175.030259,2.200735,0.0,0.0,false
521,335.5,575.5,27.45906,56.888658,2.169153,0.0,0.0,false
522,311.5,809.0,23.0,0.0,2.495455,0.0,0.0,false
523,313.5,596.5,29.832868,129.559668,2.051289,0.0,0.0,false
524,316.0,524.5,23.086793,94.969741,2.189446,0.0,0.0,false
525,308.0,407.5,25.942244,117.552812,1.989091,0.0,0.0,false
526,318.5,601.5,25.495098,25.559965,2.226114,0.0,0.0,false
527,315.5,501.5,29.832868,50.440332,1.917977,0.0,0.0,false
528,305.5,414.5,23.021729,87.510447,2.307675,0.0,0.0,false
529,309.5,529.5,26.41969,60.524111,1.927289,0.0,0.0,false
530,305.5,378.5,23.537205,77.735226,1.890649,0.0,0.0,false
531,275.0,786.5,23.345235,99.865807,1.705839,0.0,0.0,false
532,277.0,741.5,25.942244,62.447188,1.913387,0.0,0.0,false
533,274.0,606.5,25.942244,62.447188,1.876617,0.0,0.0,false
534,248.5,634.5,23.537205,12.264774,2.2105,0.0,0.0,false
535,242.5,784.0,23.345235,170.134193,2.373749,0.0,0.0,false
536,229.0,761.5,23.345235,99.865807,2.007156,0.0,0.0,false
537,974.0,531.0,24.166092,155.556045,2.213267,0.0,0.0,false
538,970.5,522.0,22.203603,97.765166,2.070115,0.0,0.0,false
539,971.0,528.0,28.425341,140.710593,2.009722,0.0,0.0,false
540,954.5,522.0,23.769729,67.750976,2.152786,0.0,0.0,false
541,965.0,635.5,27.802878,37.69424,2.088028,0.0,0.0,false
542,932.0,640.0,22.090722,174.805571,2.059642,0.0,0.0,false
543,917.0,631.0,25.059928,28.61046,1.978341,0.0,0.0,false
544,909.0,632.0,22.803509,164.744881,1.977989,0.0,0.0,false
545,921.0,470.5,22.203603,172.234834,2.30744,0.0,0.0,false
546,887.0,475.0,22.803509,15.255119,2.092422,0.0,0.0,false
547,878.0,561.0,22.090722,5.194429,2.041168,0.0,0.0,false
548,878.5,595.0,26.627054,124.286877,1.849787,0.0,0.0,false
549,808.0,431.5,23.769729,157.750976,2.090148,0.0,0.0,false
550,742.0,419.5,25.553865,30.579227,2.141059,0.0,0.0,false
551,729.0,550.5,22.022716,2.602562,1.996743,0.0,0.0,false
552,727.0,419.5,23.769729,157.750976,1.999853,0.0,0.0,false
553,725.0,454.0,23.4094,160.016893,2.14338,0.0,0.0,false
554,712.0,414.0,22.803509,105.255119,1.974128,0.0,0.0,false
555,698.0,409.0,23.4094,109.983107,1.921617,0.0,0.0,false
556,664.0,421.0,22.090722,5.194429,2.169531,0.0,0.0,false
557,664.0,420.0,22.36068,10.304846,2.60165,0.0,0.0,false
558,682.0,430.5,25.553865,149.420773,2.073581,0.0,0.0,false
559,669.5,392.0,22.203603,97.765166,2.166191,0.0,0.0,false
560,656.0,412.0,22.36068,79.695154,2.047386,0.0,0.0,false
561,652.0,387.0,27.202941,53.972627,1.813524,0.0,0.0,false
562,646.0,414.5,22.561028,12.804266,2.308494,0.0,0.0,false
563,611.0,401.0,24.166092,24.443955,2.387583,0.0,0.0,false
564,622.0,356.0,22.803509,15.255119,1.889662,0.0,0.0,false
565,537.0,334.0,23.4094,19.983107,2.292048,0.0,0.0,false
566,557.0,346.0,29.732137,42.273689,1.938903,0.0,0.0,false
567,526.0,324.0,22.803509,15.255119,2.31434,0.0,0.0,false
568,478.0,343.0,26.07681,147.528808,2.050784,0.0,0.0,false
569,485.0,696.0,22.36068,100.304846,1.662402,0.0,0.0,false
570,475.0,327.0,23.4094,109.983107,1.880393,0.0,0.0,false
571,469.0,319.0,23.4094,160.016893,2.2264,0.0,0.0,false
572,439.0,331.5,22.022716,177.397438,2.060178,0.0,0.0,false
573,394.0,423.5,22.203603,172.234834,1.901322,0.0,0.0,false
574,390.0,421.0,23.4094,109.983107,2.006733,0.0,0.0,false
575,373.0,485.0,22.803509,15.255119,1.593399,0.0,0.0,false
576,380.0,809.5,22.203603,7.765166,2.268774,0.0,0.0,false
577,371.0,807.0,22.803509,164.744881,1.997943,0.0,0.0,false
578,329.0,739.0,22.36068,10.304846,2.136818,0.0,0.0,false
579,334.5,570.0,22.022716,92.602562,2.292079,0.0,0.0,false
580,312.0,524.0,22.803509,74.744881,1.959843,0.0,0.0,false
581,306.0,397.0,22.090722,84.805571,2.292915,0.0,0.0,false
582,305.5,616.0,25.553865,59.420773,2.237063,0.0,0.0,false
583,289.5,585.0,22.203603,82.234834,1.933431,0.0,0.0,false
584,270.0,618.0,22.36068,100.304846,2.050944,0.0,0.0,false
585,258.5,771.0,23.086793,72.349876,2.106827,0.0,0.0,false
586,231.5,769.0,22.203603,82.234834,2.067676,0.0,0.0,false
587,235.0,664.0,25.059928,28.61046,1.982938,0.0,0.0,false
588,989.0,518.5,24.186773,119.744881,2.086961,0.0,0.0,false
589,982.0,592.5,21.0,90.0,2.025,0.0,0.0,false
590,982.0,594.5,21.095023,84.559668,2.063783,0.0,0.0,false
591,941.5,497.0,27.658633,139.398705,1.994891,0.0,0.0,false
592,920.5,540.5,21.587033,103.392498,1.599539,0.0,0.0,false
593,912.5,468.0,26.400758,142.696052,2.055494,0.0,0.0,false
594,885.5,586.5,27.018512,51.009006,1.906423,0.0,0.0,false
595,848.5,449.5,21.213203,171.869898,2.633813,0.0,0.0,false
596,797.5,468.5,21.023796,87.273689,2.041461,0.0,0.0,false
597,806.5,430.5,21.213203,171.869898,2.342059,0.0,0.0,false
598,784.5,425.5,22.135944,18.434949,1.948873,0.0,0.0,false
599,781.5,440.5,28.319605,42.137595,1.72505,0.0,0.0,false
600,762.5,532.5,21.023796,177.273689,2.32926,0.0,0.0,false
601,744.5,619.5,21.023796,2.726311,1.782183,0.0,0.0,false
602,729.5,548.5,21.213203,171.869898,2.210056,0.0,0.0,false
603,725.5,435.5,21.023796,87.273689,2.045122,0.0,0.0,false
604,728.5,416.5,22.847319,113.198591,1.967755,0.0,0.0,false
605,697.5,524.5,21.023796,2.726311,2.066825,0.0,0.0,false
606,677.5,414.5,24.698178,31.75948,1.995042,0.0,0.0,false
607,673.5,436.0,22.472205,20.854458,2.072064,0.0,0.0,false
608,655.0,411.5,21.377558,79.215702,2.163241,0.0,0.0,false
609,653.5,386.5,24.698178,58.24052,1.974437,0.0,0.0,false
610,631.5,386.0,21.377558,10.784298,1.970945,0.0,0.0,false
611,632.5,412.0,22.472205,159.145542,1.87193,0.0,0.0,false
612,632.5,413.5,21.587033,166.607502,2.23281,0.0,0.0,false
613,602.0,424.5,21.84033,105.945396,2.173281,0.0,0.0,false
614,594.5,355.5,27.018512,38.990994,1.807289,0.0,0.0,false
615,600.5,410.5,21.023796,87.273689,1.959092,0.0,0.0,false
616,601.5,353.0,26.400758,37.303948,1.841807,0.0,0.0,false
617,579.5,345.0,27.658633,40.601295,2.005856,0.0,0.0,false
618,576.5,392.0,22.472205,159.145542,2.156759,0.0,0.0,false
619,555.0,359.5,22.472205,69.145542,2.204083,0.0,0.0,false
620,484.5,799.0,23.259407,154.536655,2.089963,0.0,0.0,false
621,466.5,479.5,24.698178,121.75948,1.968043,0.0,0.0,false
622,453.5,848.0,27.658633,40.601295,2.056685,0.0,0.0,false
623,460.5,753.0,21.095023,5.440332,2.056479,0.0,0.0,false
624,425.5,300.5,21.023796,2.726311,1.970762,0.0,0.0,false
625,435.5,307.5,21.587033,166.607502,2.445824,0.0,0.0,false
626,397.0,408.5,23.259407,64.536655,1.980799,0.0,0.0,false
627,409.5,297.0,21.095023,5.440332,2.414487,0.0,0.0,false
628,371.5,573.5,21.587033,13.392498,1.897869,0.0,0.0,false
629,352.5,436.0,21.095023,174.559668,2.1519,0.0,0.0,false
630,370.5,291.0,21.377558,10.784298,2.183406,0.0,0.0,false
631,341.5,451.5,22.847319,113.198591,1.799564,0.0,0.0,false
632,328.5,738.0,21.84033,15.945396,1.947028,0.0,0.0,false
633,340.0,543.5,25.238859,56.309932,2.199697,0.0,0.0,false
634,334.0,478.5,22.472205,110.854458,2.31437,0.0,0.0,false
635,318.5,475.5,21.023796,177.273689,2.175605,0.0,0.0,false
636,316.5,337.5,21.023796,87.273689,2.317947,0.0,0.0,false
637,305.5,809.0,22.472205,159.145542,2.289916,0.0,0.0,false
638,305.5,616.5,21.213203,8.130102,2.346949,0.0,0.0,false
639,310.0,428.5,21.095023,95.440332,2.181458,0.0,0.0,false
640,282.5,606.5,25.806976,35.537678,2.2376,0.0,0.0,false
641,288.5,585.5,21.023796,87.273689,2.168626,0.0,0.0,false
642,268.5,777.0,24.186773,150.255119,2.200887,0.0,0.0,false
643,276.0,744.5,25.238859,56.309932,2.036432,0.0,0.0,false
644,255.5,790.5,21.587033,166.607502,1.95483,0.0,0.0,false
645,242.5,765.5,22.847319,66.801409,2.106033,0.0,0.0,false
646,242.5,634.5,27.018512,51.009006,2.148548,0.0,0.0,false
647,242.0,638.5,22.472205,69.145542,1.854537,0.0,0.0,false
648,241.0,765.5,24.186773,60.255119,1.900968,0.0,0.0,false
649,227.5,758.0,22.472205,159.145542,1.946228,0.0,0.0,false
650,220.5,756.0,21.095023,174.559668,1.933937,0.0,0.0,false
651,226.0,652.5,21.84033,74.054604,1.975186,0.0,0.0,false
652,219.0,664.5,26.400758,52.696052,1.939896,0.0,0.0,false
653,230.5,666.5,21.587033,13.392498,1.997441,0.0,0.0,false
654,219.0,662.5,26.400758,52.696052,2.244102,0.0,0.0,false
655,1015.5,538.0,20.223748,98.530766,1.934938,0.0,0.0,false
656,982.0,596.0,20.396078,78.690068,2.172075,0.0,0.0,false
657,973.5,625.0,21.18962,70.709954,1.950193,0.0,0.0,false
658,969.5,535.0,20.615528,104.036243,1.71948,0.0,0.0,false
659,947.0,618.5,20.615528,165.963757,1.919525,0.0,0.0,false
660,941.0,681.0,20.396078,168.690068,2.266711,0.0,0.0,false
661,926.5,498.0,22.825424,61.189206,2.34721,0.0,0.0,false
662,910.0,487.5,22.825424,151.189206,2.141527,0.0,0.0,false
663,910.0,486.5,23.853721,146.976132,2.090301,0.0,0.0,false
664,889.0,474.0,21.540659,21.801409,1.92959,0.0,0.0,false
665,895.0,514.0,20.099751,84.289407,1.766431,0.0,0.0,false
666,898.0,683.5,20.615528,165.963757,2.212951,0.0,0.0,false
667,868.0,519.0,24.413111,34.99202,1.735938,0.0,0.0,false
668,876.0,683.0,20.880613,163.300756,2.105944,0.0,0.0,false
669,810.0,426.0,20.396078,168.690068,1.611616,0.0,0.0,false
670,784.0,427.0,20.0,0.0,2.384211,0.0,0.0,false
671,773.5,430.0,20.024984,87.137595,1.971103,0.0,0.0,false
672,744.5,431.0,21.18962,70.709954,1.735439,0.0,0.0,false
673,730.0,549.5,20.024984,177.137595,2.512229,0.0,0.0,false
674,684.0,397.0,20.099751,174.289407,2.104235,0.0,0.0,false
675,664.0,542.5,20.223748,171.469234,2.012227,0.0,0.0,false
676,669.5,398.0,20.223748,81.469234,2.197943,0.0,0.0,false
677,673.0,436.5,22.825424,28.810794,2.055786,0.0,0.0,false
678,663.0,395.0,20.0,90.0,2.068421,0.0,0.0,false
679,650.0,381.0,22.36068,26.565051,2.096208,0.0,0.0,false
680,633.0,382.0,22.36068,153.434949,2.239311,0.0,0.0,false
681,632.0,414.0,22.36068,153.434949,2.265434,0.0,0.0,false
682,624.0,380.5,20.024984,2.862405,1.99664,0.0,0.0,false
683,629.5,420.0,20.024984,92.862405,2.117279,0.0,0.0,false
684,626.0,380.5,20.223748,171.469234,1.973495,0.0,0.0,false
685,593.0,391.0,23.323808,30.963757,2.305666,0.0,0.0,false
686,581.0,356.0,21.540659,21.801409,1.853698,0.0,0.0,false
687,593.0,368.5,20.615528,14.036243,2.015436,0.0,0.0,false
688,558.0,368.0,20.0,0.0,2.147368,0.0,0.0,false
689,557.5,413.0,20.223748,81.469234,1.668476,0.0,0.0,false
690,553.5,359.0,22.825424,61.189206,1.728897,0.0,0.0,false
691,519.0,433.0,20.0,0.0,2.2,0.0,0.0,false
692,510.0,528.0,20.099751,95.710593,1.741206,0.0,0.0,false
693,504.0,333.0,21.540659,111.801409,2.16881,0.0,0.0,false
694,502.0,332.0,23.323808,120.963757,2.097733,0.0,0.0,false
695,491.0,365.0,20.099751,174.289407,2.183451,0.0,0.0,false
696,491.0,805.0,20.0,90.0,2.436842,0.0,0.0,false
697,484.0,523.0,20.880613,106.699244,2.122682,0.0,0.0,false
698,467.0,479.0,25.612497,128.659808,2.130431,0.0,0.0,false
699,465.0,623.5,21.18962,160.709954,2.134455,0.0,0.0,false
700,468.5,479.0,23.853721,123.023868,1.709314,0.0,0.0,false
701,476.0,357.5,25.0,143.130102,1.901884,0.0,0.0,false
702,442.0,306.0,20.396078,11.309932,1.710286,0.0,0.0,false
703,441.5,453.0,21.931712,65.772255,2.018707,0.0,0.0,false
704,435.0,306.5,20.223748,171.469234,2.228646,0.0,0.0,false
705,433.0,854.5,20.615528,165.963757,2.087557,0.0,0.0,false
706,412.0,762.0,20.880613,16.699244,2.404325,0.0,0.0,false
707,403.0,425.0,23.323808,59.036243,1.620943,0.0,0.0,false
708,400.0,802.0,20.880613,16.699244,1.884367,0.0,0.0,false
709,392.5,425.0,23.853721,123.023868,2.03215,0.0,0.0,false
710,387.0,416.0,20.0,90.0,2.357895,0.0,0.0,false
711,369.0,366.5,20.024984,177.137595,2.007532,0.0,0.0,false
712,347.0,814.0,23.323808,30.963757,1.938962,0.0,0.0,false
713,339.0,231.5,20.615528,165.963757,2.02286,0.0,0.0,false
714,349.0,854.5,20.615528,165.963757,2.207549,0.0,0.0,false
715,321.0,532.0,24.413111,145.00798,1.983131,0.0,0.0,false
716,313.0,810.0,20.099751,5.710593,2.376083,0.0,0.0,false
717,301.5,595.0,20.024984,87.137595,2.051535,0.0,0.0,false
718,284.5,797.0,20.615528,104.036243,1.789598,0.0,0.0,false
719,280.0,611.0,20.099751,84.289407,2.182923,0.0,0.0,false
720,287.0,595.5,20.615528,14.036243,2.028057,0.0,0.0,false
721,271.5,722.0,20.024984,87.137595,1.897627,0.0,0.0,false
722,257.5,615.0,26.248809,49.635463,1.818124,0.0,0.0,false
723,260.0,763.0,20.099751,95.710593,1.793539,0.0,0.0,false
724,257.0,783.0,20.396078,101.309932,2.055389,0.0,0.0,false
725,258.0,771.0,21.540659,68.198591,2.265425,0.0,0.0,false
726,237.0,642.0,20.099751,5.710593,2.045259,0.0,0.0,false
727,233.0,665.5,21.18962,19.290046,2.244124,0.0,0.0,false
728,247.0,657.5,27.586228,43.531199,1.825073,0.0,0.0,false
729,149.5,629.0,20.615528,75.963757,2.104144,0.0,0.0,false
730,149.5,607.0,20.615528,75.963757,2.084894,0.0,0.0,false
731,990.5,522.5,20.248457,110.224859,2.072936,0.0,0.0,false
732,938.5,533.0,24.839485,40.100908,1.597744,0.0,0.0,false
733,929.5,653.0,21.470911,27.758541,1.932834,0.0,0.0,false
734,913.5,620.5,21.954498,120.068583,1.990245,0.0,0.0,false
735,917.5,630.0,20.615528,22.833654,2.117266,0.0,0.0,false
736,883.5,602.0,23.600847,143.615648,1.950243,0.0,0.0,false
737,876.5,580.5,25.495098,131.82017,1.963304,0.0,0.0,false
738,870.5,673.0,21.470911,27.758541,1.958637,0.0,0.0,false
739,813.5,434.0,21.470911,152.241459,2.06934,0.0,0.0,false
740,769.5,536.0,21.470911,152.241459,2.036155,0.0,0.0,false
741,775.5,429.5,21.023796,64.653824,2.373341,0.0,0.0,false
742,750.5,597.0,22.472205,32.275644,1.908145,0.0,0.0,false
743,728.0,416.5,22.472205,122.275644,2.003597,0.0,0.0,false
744,677.5,427.5,23.021729,124.380345,2.244952,0.0,0.0,false
745,647.5,384.0,23.600847,36.384352,1.941643,0.0,0.0,false
746,609.5,400.5,21.954498,30.068583,1.911358,0.0,0.0,false
747,605.5,350.0,20.615528,22.833654,1.906889,0.0,0.0,false
748,555.5,407.5,24.207437,51.709837,1.897731,0.0,0.0,false
749,537.0,337.5,24.839485,49.899092,2.176087,0.0,0.0,false
750,502.0,330.5,24.839485,130.100908,2.124121,0.0,0.0,false
751,503.0,332.5,21.470911,117.758541,2.421975,0.0,0.0,false
752,485.5,322.5,20.248457,159.775141,2.14087,0.0,0.0,false
753,489.5,524.5,24.207437,51.709837,1.846142,0.0,0.0,false
754,473.5,749.0,21.470911,27.758541,2.198761,0.0,0.0,false
755,387.5,303.5,25.495098,138.17983,1.985584,0.0,0.0,false
756,375.5,371.5,20.248457,69.775141,2.162329,0.0,0.0,false
757,367.0,369.5,24.839485,130.100908,1.801632,0.0,0.0,false
758,336.0,533.5,26.172505,46.548158,1.668782,0.0,0.0,false
759,314.5,575.0,23.600847,143.615648,1.793414,0.0,0.0,false
760,308.5,428.5,21.954498,120.068583,2.118009,0.0,0.0,false
761,303.0,551.5,20.615528,67.166346,1.753372,0.0,0.0,false
762,309.5,572.0,22.472205,147.724356,1.787311,0.0,0.0,false
763,274.5,730.5,21.023796,154.653824,2.009352,0.0,0.0,false
764,267.5,775.5,24.207437,141.709837,2.12799,0.0,0.0,false
765,236.5,748.5,20.248457,159.775141,2.034018,0.0,0.0,false
766,229.5,685.0,23.600847,36.384352,1.910633,0.0,0.0,false
767,208.5,736.5,20.248457,69.775141,2.331849,0.0,0.0,false
768,988.5,517.0,22.203603,125.837653,1.708365,0.0,0.0,false
769,975.0,501.0,21.633308,123.690068,1.78485,0.0,0.0,false
770,968.5,547.0,24.758837,133.363423,2.175691,0.0,0.0,false
771,968.0,691.5,22.203603,144.162347,1.934239,0.0,0.0,false
772,910.0,519.0,20.59126,150.945396,2.148854,0.0,0.0,false
773,890.0,506.0,21.633308,56.309932,1.86687,0.0,0.0,false
774,874.5,544.0,23.430749,50.194429,1.332947,0.0,0.0,false
775,868.5,512.0,21.095023,121.429566,2.006534,0.0,0.0,false
776,865.0,677.0,21.633308,123.690068,2.069452,0.0,0.0,false
777,826.5,438.0,21.095023,121.429566,1.921047,0.0,0.0,false
778,776.0,430.0,21.633308,56.309932,1.894791,0.0,0.0,false
779,580.0,551.5,21.095023,148.570434,1.98738,0.0,0.0,false
780,584.0,363.5,23.430749,39.805571,1.974283,0.0,0.0,false
781,577.0,391.5,20.124612,153.434949,1.823523,0.0,0.0,false
782,565.0,391.5,20.124612,153.434949,2.043274,0.0,0.0,false
783,466.0,798.5,20.124612,26.565051,1.655349,0.0,0.0,false
784,440.5,453.0,21.095023,58.570434,1.891062,0.0,0.0,false
785,410.0,686.5,21.095023,31.429566,1.606795,0.0,0.0,false
786,401.0,585.0,24.083189,138.366461,1.604407,0.0,0.0,false
787,395.0,295.5,20.124612,153.434949,1.914662,0.0,0.0,false
788,395.5,416.0,20.124612,116.565051,2.000275,0.0,0.0,false
789,348.5,811.0,23.430749,50.194429,2.028204,0.0,0.0,false
790,345.0,431.0,21.633308,123.690068,1.956621,0.0,0.0,false
791,334.0,814.0,20.59126,29.054604,1.734922,0.0,0.0,false
792,320.0,533.0,24.083189,138.366461,1.950463,0.0,0.0,false
793,314.0,505.0,24.083189,48.366461,1.896995,0.0,0.0,false
794,328.5,316.0,22.203603,54.162347,1.953786,0.0,0.0,false
795,305.0,547.0,21.633308,56.309932,1.902641,0.0,0.0,false
796,307.0,808.5,20.124612,153.434949,2.320767,0.0,0.0,false
797,260.5,614.0,21.095023,58.570434,1.87209,0.0,0.0,false
798,258.0,614.5,24.758837,43.363423,1.864521,0.0,0.0,false
799,238.0,750.0,20.59126,150.945396,2.001219,0.0,0.0,false
800,984.5,527.5,20.248457,57.094757,1.975155,0.0,0.0,false
801,971.5,511.5,20.248457,57.094757,2.064409,0.0,0.0,false
802,929.5,654.5,21.400935,37.405357,2.146358,0.0,0.0,false
803,876.5,579.5,22.671568,138.576334,2.196197,0.0,0.0,false
804,811.5,433.0,20.808652,144.782407,1.993978,0.0,0.0,false
805,755.5,558.0,20.808652,35.217593,2.107351,0.0,0.0,false
806,677.5,414.0,22.022716,39.47246,1.9124,0.0,0.0,false
807,674.5,400.0,23.345235,43.264295,1.590808,0.0,0.0,false
808,661.5,390.5,22.671568,41.423666,1.732365,0.0,0.0,false
809,642.5,387.5,20.248457,57.094757,2.116951,0.0,0.0,false
810,624.5,349.5,22.671568,48.576334,2.15349,0.0,0.0,false
811,587.5,332.5,20.248457,122.905243,1.96482,0.0,0.0,false
812,513.0,332.5,20.808652,54.782407,2.038525,0.0,0.0,false
813,488.5,809.5,21.400935,52.594643,2.098847,0.0,0.0,false
814,463.5,732.0,20.808652,144.782407,1.845798,0.0,0.0,false
815,449.5,513.0,20.808652,35.217593,1.836471,0.0,0.0,false
816,399.5,521.5,20.248457,122.905243,1.491275,0.0,0.0,false
817,393.5,406.0,20.808652,35.217593,1.866789,0.0,0.0,false
818,364.5,686.0,20.808652,144.782407,1.845273,0.0,0.0,false
819,309.0,409.5,20.808652,125.217593,2.010251,0.0,0.0,false
820,306.0,545.5,20.808652,54.782407,1.900153,0.0,0.0,false
821,300.5,789.5,21.400935,142.594643,2.207142,0.0,0.0,false
822,276.0,746.5,20.808652,54.782407,2.043052,0.0,0.0,false
823,239.5,751.0,20.808652,144.782407,2.01225,0.0,0.0,false
824,981.0,508.5,21.931712,136.84761,1.792581,0.0,0.0,false
825,916.0,475.0,20.0,53.130102,1.644788,0.0,0.0,false
826,883.0,588.5,20.615528,39.093859,1.957869,0.0,0.0,false
827,837.0,443.0,20.0,126.869898,1.84391,0.0,0.0,false
828,814.0,431.5,21.931712,136.84761,1.802668,0.0,0.0,false
829,786.0,652.0,21.260292,41.185925,1.738097,0.0,0.0,false
830,775.0,424.5,20.615528,140.906141,2.014199,0.0,0.0,false
831,746.0,619.5,20.615528,39.093859,1.915393,0.0,0.0,false
832,740.0,421.5,20.615528,39.093859,1.904582,0.0,0.0,false
833,555.5,407.0,21.931712,46.84761,1.909313,0.0,0.0,false
834,476.0,322.5,21.931712,136.84761,1.799261,0.0,0.0,false
835,449.0,511.5,21.931712,43.15239,1.546988,0.0,0.0,false
836,451.0,807.0,20.0,53.130102,1.822469,0.0,0.0,false
837,400.5,584.0,20.615528,129.093859,1.697904,0.0,0.0,false
838,373.0,502.0,21.260292,131.185925,1.912804,0.0,0.0,false
839,356.0,427.0,21.260292,138.814075,1.942433,0.0,0.0,false
840,369.0,371.0,20.0,126.869898,2.087338,0.0,0.0,false
841,348.0,798.0,20.0,126.869898,1.476638,0.0,0.0,false
842,359.0,788.0,20.0,36.869898,2.051887,0.0,0.0,false
843,337.0,548.5,20.615528,39.093859,2.039351,0.0,0.0,false
844,320.0,810.0,21.260292,138.814075,1.679803,0.0,0.0,false
845,317.5,601.0,21.931712,133.15239,1.840453,0.0,0.0,false
846,306.0,588.5,21.931712,136.84761,1.872742,0.0,0.0,false
847,285.0,606.0,21.260292,41.185925,2.20448,0.0,0.0,false
848,240.0,751.5,21.931712,136.84761,1.90714,0.0,0.0,false
849,242.0,751.0,20.0,126.869898,2.063702,0.0,0.0,false
850,229.0,756.5,20.615528,140.906141,2.221481,0.0,0.0,false
851,171.0,737.0,20.0,126.869898,1.402486,0.0,0.0,false
852,930.5,474.0,20.518285,136.974934,2.147825,0.0,0.0,false
853,651.0,370.5,20.518285,133.025066,1.425295,0.0,0.0,false
854,357.5,789.0,20.518285,43.025066,1.896641,0.0,0.0,false
855,229.5,685.0,20.518285,43.025066,1.852714,0.0,0.0,false
%orientation_field_1_center_x
536
%orientation_field_1_center_y
484
%orientation_field_1_area
0.321464
%orientation_field_1_aspect_ratio
1.166052
%orientation_field_1_long_half_axis
206.954266
%orientation_field_1_alignment
38.483353
%orientation_field_1_orientation_mean
0.071429
%orientation_field_1_orientation_sigma
8.475505
%orientation_field_1_number_of_filaments
244
%orientation_field_1_mass
22821.56412
%orientation_field_1_filaments
433.0,324.5,25.553865,149.420773,5.944213
396.0,775.5,32.756679,12.339087,4.623169
434.5,325.5,30.88689,150.945396,4.579303
510.0,230.0,426.0,0.0,3.694118
298.0,855.0,300.0,0.0,4.126421
738.5,445.0,71.449283,173.571252,3.977254
768.0,446.5,62.008064,179.075955,3.672833
730.0,443.5,60.671245,171.469234,4.003221
457.0,763.0,62.096699,14.931417,4.167071
464.5,761.0,56.293872,12.308016,4.093296
703.0,438.0,55.785303,165.465545,4.32103
888.5,684.0,53.037722,177.838921,4.040124
837.0,663.0,53.366656,12.994617,4.124385
400.5,775.0,50.447993,13.760785,4.099552
352.5,788.5,40.521599,15.751174,3.919376
391.0,777.0,35.44009,16.38954,4.179151
431.5,324.5,34.438351,154.179008,4.15696
343.5,791.0,32.015621,14.470294,3.947883
787.0,447.5,28.017851,177.954592,3.969504
737.0,455.5,24.020824,177.614056,3.4533
694.5,435.5,23.021729,177.510447,4.067665
917.0,683.5,22.203603,7.765166,3.396352
290.0,626.5,23.086793,17.650124,4.34308
403.0,295.0,20.099751,174.289407,4.135716
844.5,466.0,41.436699,171.67435,3.107862
340.5,791.5,40.024992,12.994617,3.78155
922.5,682.5,33.376639,8.615648,3.285388
732.5,455.5,31.144823,174.47246,3.467567
858.0,453.5,30.870698,155.095231,3.732843
874.0,683.5,28.160256,173.884496,4.128985
595.0,368.0,26.07681,4.398705,2.739128
905.5,667.5,23.021729,177.510447,3.75693
961.0,495.5,22.022716,177.397438,3.145353
288.0,627.0,23.4094,19.983107,4.372842
577.5,380.5,21.213203,8.130102,2.886085
483.5,756.5,21.023796,2.726311,3.960112
931.0,639.5,20.024984,2.862405,3.606864
925.0,489.5,20.024984,2.862405,3.344884
497.0,356.0,20.099751,174.289407,3.665109
912.5,487.5,20.248457,159.775141,3.317433
868.0,472.5,20.124612,153.434949,2.708328
510.0,229.0,430.0,0.0,1.7
375.5,782.0,118.359621,13.68402,2.291445
674.0,230.5,100.04499,178.281642,2.391344
726.0,442.0,99.297533,170.727398,2.334052
760.5,446.5,91.137259,176.855043,2.470025
715.5,440.0,88.842557,168.310631,2.474083
424.5,322.0,89.470666,154.867045,2.401381
412.5,772.0,65.490457,7.016502,2.391464
917.0,683.0,62.289646,5.52754,2.161076
429.5,768.5,59.413803,6.766175,2.346209
383.5,779.5,58.051701,10.922805,2.23257
429.0,854.0,54.332311,6.340192,2.326703
782.5,448.0,53.150729,175.683972,2.301764
594.0,231.0,52.153619,175.601295,2.248238
370.0,854.5,52.239832,5.492325,2.203821
406.0,854.5,52.239832,174.507675,2.320538
368.0,231.0,52.153619,4.398705,2.219605
659.5,231.0,51.156622,175.515394,2.192218
600.5,366.5,51.244512,5.599339,1.896908
384.5,231.0,51.156622,175.515394,2.280323
395.5,293.5,51.478151,172.184706,2.277585
352.5,231.0,51.156622,175.515394,2.182998
588.0,378.0,50.990195,11.309932,2.353134
738.5,455.5,49.497475,171.869898,2.129329
815.0,456.5,52.392748,156.370622,2.272161
598.0,367.5,48.010416,1.193489,2.337003
424.0,854.5,48.259714,174.053137,2.259579
842.5,465.0,47.67599,170.340107,2.154856
787.5,448.0,45.398238,172.405357,2.24896
549.0,324.5,44.28318,173.516926,2.110968
735.5,454.5,43.104524,176.009087,1.939515
392.5,293.5,43.931765,168.178512,2.31685
931.0,655.0,42.426407,8.130102,2.160291
542.0,231.0,42.190046,174.559668,2.226865
445.0,764.5,43.965896,17.198541,2.292621
437.0,231.0,42.190046,174.559668,2.214572
417.0,231.0,42.190046,174.559668,2.284433
873.0,456.0,40.199502,174.289407,1.93278
858.0,454.0,42.37924,160.709954,2.258509
903.0,667.0,38.052595,3.012788,2.128252
928.0,656.5,36.124784,4.763642,1.912122
455.0,799.5,36.674242,11.003541,2.004081
418.0,771.5,36.013886,1.59114,2.154872
407.0,804.0,36.055513,3.17983,2.142702
830.5,463.5,36.687873,162.552812,2.154307
429.5,768.0,35.057096,3.270488,2.107137
372.5,782.5,35.355339,8.130102,2.227112
288.5,626.5,37.336309,20.376435,2.428574
465.0,318.0,37.576588,154.798876,2.230144
867.5,472.0,35.1141,160.016893,1.9949
548.5,323.5,33.734256,168.023868,2.01885
465.5,318.0,37.589892,151.38954,2.290903
379.5,808.5,33.015148,178.264295,2.27356
278.5,803.0,34.481879,163.141601,2.197455
869.0,481.5,33.24154,164.291362,1.925897
693.0,434.5,32.015621,178.210089,2.262423
511.0,231.0,32.249031,172.874984,2.228272
484.0,231.0,32.249031,172.874984,2.366
504.0,231.0,32.249031,7.125016,2.366
464.0,760.5,32.140317,5.355825,2.256706
450.0,312.0,34.176015,159.443955,2.075367
439.0,329.0,34.176015,159.443955,2.307834
315.0,793.0,32.557641,169.380345,2.327734
283.0,782.0,32.984845,165.963757,2.163716
922.5,489.5,31.144823,174.47246,2.292881
891.5,683.5,31.400637,170.837653,2.217133
672.5,231.5,31.400637,170.837653,1.990138
353.5,854.5,31.400637,9.162347,2.114662
331.5,794.0,31.064449,3.691386,2.331001
984.0,697.0,30.265492,172.405357,1.961833
878.0,458.5,30.016662,1.909152,2.247254
753.0,457.5,30.413813,170.537678,2.042985
476.0,321.0,30.594117,168.690068,2.266801
449.0,335.0,31.622777,161.565051,1.938471
337.0,318.5,30.805844,13.134022,2.143618
309.0,808.5,30.413813,170.537678,2.274462
916.5,488.0,30.083218,164.577839,2.087619
903.5,463.0,29.068884,176.054814,2.272636
467.5,441.5,29.017236,1.974934,2.164372
449.5,766.5,29.017236,1.974934,2.094069
443.5,801.5,29.017236,1.974934,2.214716
909.0,667.5,28.442925,10.124672,2.190979
923.0,471.0,29.12044,164.054604,2.328111
903.0,463.5,28.017851,2.045408,2.010701
738.0,414.5,28.160256,173.884496,2.241379
565.0,542.0,28.0,0.0,2.218519
476.0,320.5,28.017851,177.954592,2.304858
459.0,314.0,28.635642,167.905243,2.227503
428.0,301.5,28.160256,173.884496,2.179599
416.0,802.5,28.442925,10.124672,1.95553
385.0,809.0,28.071338,4.085617,2.227185
322.0,854.5,28.442925,10.124672,2.310048
292.0,627.0,28.284271,8.130102,2.301161
868.5,473.0,29.546573,156.037511,2.19551
826.5,468.5,27.018512,177.878904,1.634542
829.5,435.0,28.79236,159.676863,1.60214
812.5,431.0,27.073973,175.763605,2.240288
667.5,381.5,27.45906,10.491477,1.866143
579.5,393.5,27.018512,177.878904,2.271217
512.5,330.5,27.166155,173.659808,1.988811
462.5,317.0,31.38471,149.349332,2.24167
367.5,292.5,27.892651,14.534455,2.099085
984.0,696.5,26.019224,177.797402,1.962042
960.0,496.0,26.0,0.0,2.0
900.0,666.5,26.925824,164.931512,2.100462
827.0,469.5,26.019224,2.202598,2.254423
570.0,402.0,26.683328,167.005383,2.230755
498.0,355.5,26.019224,177.797402,2.096749
465.0,441.5,26.476405,10.885527,2.184413
429.0,305.5,28.231188,157.0679,2.063711
302.0,586.0,26.07681,175.601295,2.130234
291.0,594.5,26.172505,6.581945,2.225915
958.5,495.0,25.317978,9.090277,2.068389
833.5,436.5,27.313001,156.250506,1.785128
811.5,432.5,25.179357,6.842773,1.901749
738.5,624.0,25.317978,170.909723,1.806463
690.5,231.0,25.317978,170.909723,2.265139
644.5,414.0,25.079872,4.573921,2.334751
614.5,329.5,25.179357,6.842773,2.077791
612.5,401.5,25.96151,15.642246,2.213105
415.5,761.5,25.019992,2.29061,2.175314
913.0,487.0,25.298221,161.565051,2.080212
881.0,475.5,24.020824,177.614056,1.902112
880.0,456.5,24.515301,168.231711,2.003996
625.0,355.5,24.020824,2.385944,2.012744
576.0,380.5,24.020824,2.385944,2.173399
443.0,332.5,24.515301,168.231711,2.090389
402.0,294.0,26.0,157.380135,1.896979
338.0,318.5,24.020824,2.385944,1.886067
312.0,810.0,24.083189,175.236358,2.431048
294.0,625.5,24.020824,2.385944,2.328128
905.5,631.5,23.194827,172.568592,2.166455
911.5,486.5,24.698178,158.629378,2.107035
877.5,475.5,23.537205,167.735226,2.080094
802.5,424.0,23.769729,165.379126,1.635782
700.5,435.0,23.086793,4.969741,1.887182
664.5,419.0,23.769729,14.620874,1.910055
657.5,378.0,23.345235,9.865807,1.854752
616.5,329.5,23.021729,2.489553,1.931624
581.5,394.0,23.086793,4.969741,2.327432
571.5,403.0,23.086793,175.030259,1.980168
467.5,797.5,23.194827,7.431408,1.930078
413.5,762.5,23.194827,7.431408,2.118256
394.5,423.5,23.194827,7.431408,1.961953
311.5,809.0,23.0,0.0,2.495455
318.5,601.5,25.495098,25.559965,2.226114
248.5,634.5,23.537205,12.264774,2.2105
242.5,784.0,23.345235,170.134193,2.373749
932.0,640.0,22.090722,174.805571,2.059642
909.0,632.0,22.803509,164.744881,1.977989
921.0,470.5,22.203603,172.234834,2.30744
878.0,561.0,22.090722,5.194429,2.041168
729.0,550.5,22.022716,2.602562,1.996743
664.0,421.0,22.090722,5.194429,2.169531
664.0,420.0,22.36068,10.304846,2.60165
646.0,414.5,22.561028,12.804266,2.308494
469.0,319.0,23.4094,160.016893,2.2264
394.0,423.5,22.203603,172.234834,1.901322
373.0,485.0,22.803509,15.255119,1.593399
380.0,809.5,22.203603,7.765166,2.268774
329.0,739.0,22.36068,10.304846,2.136818
848.5,449.5,21.213203,171.869898,2.633813
806.5,430.5,21.213203,171.869898,2.342059
762.5,532.5,21.023796,177.273689,2.32926
744.5,619.5,21.023796,2.726311,1.782183
729.5,548.5,21.213203,171.869898,2.210056
697.5,524.5,21.023796,2.726311,2.066825
673.5,436.0,22.472205,20.854458,2.072064
631.5,386.0,21.377558,10.784298,1.970945
460.5,753.0,21.095023,5.440332,2.056479
435.5,307.5,21.587033,166.607502,2.445824
371.5,573.5,21.587033,13.392498,1.897869
352.5,436.0,21.095023,174.559668,2.1519
370.5,291.0,21.377558,10.784298,2.183406
328.5,738.0,21.84033,15.945396,1.947028
305.5,616.5,21.213203,8.130102,2.346949
255.5,790.5,21.587033,166.607502,1.95483
227.5,758.0,22.472205,159.145542,1.946228
220.5,756.0,21.095023,174.559668,1.933937
230.5,666.5,21.587033,13.392498,1.997441
947.0,618.5,20.615528,165.963757,1.919525
898.0,683.5,20.615528,165.963757,2.212951
876.0,683.0,20.880613,163.300756,2.105944
810.0,426.0,20.396078,168.690068,1.611616
784.0,427.0,20.0,0.0,2.384211
730.0,549.5,20.024984,177.137595,2.512229
684.0,397.0,20.099751,174.289407,2.104235
664.0,542.5,20.223748,171.469234,2.012227
624.0,380.5,20.024984,2.862405,1.99664
558.0,368.0,20.0,0.0,2.147368
519.0,433.0,20.0,0.0,2.2
491.0,365.0,20.099751,174.289407,2.183451
435.0,306.5,20.223748,171.469234,2.228646
433.0,854.5,20.615528,165.963757,2.087557
412.0,762.0,20.880613,16.699244,2.404325
400.0,802.0,20.880613,16.699244,1.884367
369.0,366.5,20.024984,177.137595,2.007532
339.0,231.5,20.615528,165.963757,2.02286
313.0,810.0,20.099751,5.710593,2.376083
287.0,595.5,20.615528,14.036243,2.028057
237.0,642.0,20.099751,5.710593,2.045259
233.0,665.5,21.18962,19.290046,2.244124
485.5,322.5,20.248457,159.775141,2.14087
%orientation_field_2_center_x
350
%orientation_field_2_center_y
572
%orientation_field_2_area
0.12554
%orientation_field_2_aspect_ratio
2.568988
%orientation_field_2_long_half_axis
209.095386
%orientation_field_2_alignment
35.537383
%orientation_field_2_orientation_mean
90.493088
%orientation_field_2_orientation_sigma
6.516989
%orientation_field_2_number_of_filaments
123
%orientation_field_2_mass
13262.159215
%orientation_field_2_filaments
341.5,535.0,24.020824,87.614056,5.905862
334.5,478.5,21.213203,98.130102,4.609751
148.0,644.5,423.0,90.0,3.672749
330.0,442.0,114.856432,97.001268,4.298618
338.5,504.0,74.8131,98.455028,4.338757
340.5,527.0,52.086467,93.301866,4.250311
340.5,530.5,51.009803,91.123303,4.128001
341.0,546.5,45.398238,82.405357,4.23864
148.5,452.0,42.011903,88.636072,3.625728
323.5,362.0,22.022716,87.397438,3.303829
212.0,699.0,20.0,90.0,3.463158
324.5,399.0,32.756679,102.339087,3.998395
323.5,394.0,26.925824,105.068488,3.947925
313.5,351.5,24.041631,73.072487,3.405217
149.0,642.5,429.0,90.0,2.669626
334.0,472.0,177.36967,97.125016,2.615628
148.5,476.0,102.044108,88.315316,2.328083
328.5,428.5,100.448992,99.743641,2.325897
330.5,448.0,98.249682,94.085617,2.377588
149.0,547.5,85.094066,92.694284,2.236929
333.5,463.0,74.168727,93.865461,2.429222
325.5,407.5,70.611614,102.264774,2.348341
336.5,486.5,66.287254,101.309932,2.372778
149.0,608.5,65.122961,93.521453,2.378263
338.0,565.0,66.483081,74.291362,2.325941
340.0,545.0,64.124878,86.423666,2.503998
149.0,653.0,64.124878,93.576334,2.324526
149.0,826.0,62.128898,86.308614,2.230751
329.0,433.0,60.033324,91.909152,2.28181
212.0,696.0,60.133186,86.185925,2.21395
341.5,468.5,57.706152,98.972627,1.979093
342.5,471.5,53.235327,95.389312,2.253864
149.0,468.0,52.153619,94.398705,2.334388
327.0,412.0,50.039984,92.29061,2.411983
210.5,706.0,46.010868,88.754636,1.915227
149.0,696.0,42.190046,95.440332,2.23797
149.0,581.0,42.190046,95.440332,2.352215
314.5,348.5,40.024992,77.005383,2.146407
340.5,461.0,38.118237,94.513988,1.901428
309.0,470.0,38.209946,96.009006,2.217652
311.5,354.0,40.162171,71.113913,2.446551
313.0,512.0,36.496575,99.462322,2.13934
602.0,419.0,34.234486,96.709837,1.903428
307.5,467.5,33.015148,91.735705,1.942843
149.0,828.0,32.249031,97.125016,2.323057
149.0,679.0,32.249031,82.874984,2.260335
355.5,443.5,31.144823,84.47246,1.963297
329.0,435.5,32.015621,104.470294,2.354384
308.5,360.5,31.400637,80.837653,2.021404
330.5,449.0,30.149627,84.289407,2.115192
322.5,360.0,30.016662,88.090848,1.889843
314.5,520.0,30.413813,99.462322,2.200758
309.5,470.0,30.016662,91.909152,2.333337
298.5,632.0,30.016662,91.909152,1.856946
628.5,381.5,29.832868,76.429566,2.087968
344.5,435.5,29.832868,103.570434,2.044832
309.0,360.5,30.083218,74.577839,2.47568
212.0,696.5,29.274562,97.853313,2.127665
310.0,428.0,28.284271,81.869898,2.124558
230.0,768.0,28.071338,94.085617,2.209863
761.0,426.5,28.160256,73.495639,2.120754
600.5,415.5,27.018512,92.121096,1.96535
364.0,623.5,27.073973,85.763605,2.105038
341.5,544.5,27.892651,104.534455,2.209569
309.5,476.5,27.45906,100.491477,2.121698
303.5,590.5,27.892651,75.465545,2.061284
761.5,426.0,26.476405,79.114473,2.189062
668.5,394.0,26.019224,92.202598,2.066493
354.5,446.0,26.019224,87.797402,2.053489
342.0,433.0,26.683328,102.994617,1.913983
678.5,400.5,26.570661,70.201124,2.141323
342.0,543.5,26.248809,107.744672,2.241001
309.5,433.5,25.495098,78.690068,2.047877
305.0,405.5,25.70992,103.495733,1.958425
306.5,372.5,25.179357,83.157227,2.176596
149.0,712.5,25.317978,99.090277,2.265459
149.0,533.5,25.317978,99.090277,2.232669
149.0,519.5,25.317978,99.090277,2.122875
655.5,411.0,24.020824,87.614056,1.933536
630.0,375.0,26.0,67.380135,1.961059
484.0,521.0,24.33105,99.462322,2.043867
335.0,571.0,24.083189,85.236358,2.3094
318.0,504.0,24.083189,85.236358,2.083815
309.0,430.0,24.083189,85.236358,2.178687
211.0,721.0,24.083189,94.763642,1.974252
776.5,428.5,24.698178,68.629378,2.079124
678.0,401.5,25.079872,66.501434,1.956869
548.5,392.5,23.537205,77.735226,2.059894
316.0,524.5,23.086793,94.969741,2.189446
305.5,414.5,23.021729,87.510447,2.307675
305.5,378.5,23.537205,77.735226,1.890649
275.0,786.5,23.345235,99.865807,1.705839
229.0,761.5,23.345235,99.865807,2.007156
656.0,412.0,22.36068,79.695154,2.047386
485.0,696.0,22.36068,100.304846,1.662402
334.5,570.0,22.022716,92.602562,2.292079
306.0,397.0,22.090722,84.805571,2.292915
289.5,585.0,22.203603,82.234834,1.933431
270.0,618.0,22.36068,100.304846,2.050944
231.5,769.0,22.203603,82.234834,2.067676
797.5,468.5,21.023796,87.273689,2.041461
725.5,435.5,21.023796,87.273689,2.045122
655.0,411.5,21.377558,79.215702,2.163241
600.5,410.5,21.023796,87.273689,1.959092
334.0,478.5,22.472205,110.854458,2.31437
316.5,337.5,21.023796,87.273689,2.317947
310.0,428.5,21.095023,95.440332,2.181458
288.5,585.5,21.023796,87.273689,2.168626
773.5,430.0,20.024984,87.137595,1.971103
744.5,431.0,21.18962,70.709954,1.735439
669.5,398.0,20.223748,81.469234,2.197943
663.0,395.0,20.0,90.0,2.068421
629.5,420.0,20.024984,92.862405,2.117279
557.5,413.0,20.223748,81.469234,1.668476
510.0,528.0,20.099751,95.710593,1.741206
484.0,523.0,20.880613,106.699244,2.122682
387.0,416.0,20.0,90.0,2.357895
301.5,595.0,20.024984,87.137595,2.051535
284.5,797.0,20.615528,104.036243,1.789598
280.0,611.0,20.099751,84.289407,2.182923
271.5,722.0,20.024984,87.137595,1.897627
260.0,763.0,20.099751,95.710593,1.793539
257.0,783.0,20.396078,101.309932,2.055389
%orientation_field_3_center_x
389
%orientation_field_3_center_y
490
%orientation_field_3_area
0.101057
%orientation_field_3_aspect_ratio
1.713226
%orientation_field_3_long_half_axis
140.811644
%orientation_field_3_alignment
58.301602
%orientation_field_3_orientation_mean
140.211921
%orientation_field_3_orientation_sigma
13.224806
%orientation_field_3_number_of_filaments
95
%orientation_field_3_mass
6540.317134
%orientation_field_3_filaments
442.5,330.0,51.971146,149.981633,4.06302
694.0,436.0,41.761226,163.300756,4.18463
567.0,401.5,21.931712,155.772255,3.371786
450.0,334.5,72.945185,151.326854,3.702357
415.0,316.5,57.939624,158.749494,3.594219
478.5,349.5,43.382024,154.025606,3.216786
487.0,353.5,34.539832,157.890552,3.431251
563.0,399.5,32.695565,156.571307,3.376934
323.0,392.0,27.202941,107.102729,3.635277
321.5,386.5,22.135944,108.434949,3.43836
570.0,392.5,21.18962,160.709954,3.699888
298.0,788.0,23.323808,149.036243,2.829222
291.0,784.5,21.931712,155.772255,2.927503
267.0,776.5,20.615528,140.906141,2.935445
452.5,335.5,105.11898,152.216074,2.47456
450.5,334.0,70.178344,147.215719,2.467078
468.0,352.5,53.338541,149.588919,1.895798
412.0,315.0,45.607017,164.744881,2.36938
466.5,352.5,50.774009,147.875002,1.987522
472.5,355.5,47.010637,150.708638,2.033371
692.0,435.0,41.231056,157.166346,2.408895
296.0,787.0,38.626416,158.749494,2.007869
391.5,293.0,36.400549,164.054604,2.347824
564.0,399.5,35.735137,162.07208,2.056538
490.0,354.0,35.44009,163.61046,2.323093
563.0,401.0,34.928498,156.370622,2.176697
563.0,399.0,36.71512,150.642246,2.211732
343.0,434.0,34.176015,110.556045,1.748418
280.0,803.0,34.928498,156.370622,2.113835
705.5,438.5,33.615473,157.249024,2.380382
389.5,293.0,32.572995,162.121303,2.417808
572.0,392.5,30.805844,166.865978,2.437184
481.0,344.0,34.0,151.927513,2.149709
422.5,319.5,29.832868,166.429566,2.326893
396.5,308.5,33.615473,149.620874,1.884531
295.5,785.5,33.615473,149.620874,1.95207
482.0,361.0,30.463092,156.801409,2.000607
582.0,553.0,31.622777,124.695154,1.863017
483.0,345.5,28.231188,157.0679,2.143192
315.5,490.5,30.232433,124.215702,2.093073
580.5,549.0,30.610456,128.367485,1.969403
487.0,363.0,25.298221,161.565051,1.932645
269.0,797.5,28.301943,147.994617,2.171611
471.5,346.0,24.351591,160.820992,2.140774
313.5,596.5,29.832868,129.559668,2.051289
308.0,407.5,25.942244,117.552812,1.989091
727.0,419.5,23.769729,157.750976,1.999853
725.0,454.0,23.4094,160.016893,2.14338
682.0,430.5,25.553865,149.420773,2.073581
478.0,343.0,26.07681,147.528808,2.050784
390.0,421.0,23.4094,109.983107,2.006733
632.5,412.0,22.472205,159.145542,1.87193
632.5,413.5,21.587033,166.607502,2.23281
576.5,392.0,22.472205,159.145542,2.156759
466.5,479.5,24.698178,121.75948,1.968043
305.5,809.0,22.472205,159.145542,2.289916
268.5,777.0,24.186773,150.255119,2.200887
632.0,414.0,22.36068,153.434949,2.265434
467.0,479.0,25.612497,128.659808,2.130431
468.5,479.0,23.853721,123.023868,1.709314
476.0,357.5,25.0,143.130102,1.901884
392.5,425.0,23.853721,123.023868,2.03215
321.0,532.0,24.413111,145.00798,1.983131
367.0,369.5,24.839485,130.100908,1.801632
314.5,575.0,23.600847,143.615648,1.793414
308.5,428.5,21.954498,120.068583,2.118009
309.5,572.0,22.472205,147.724356,1.787311
274.5,730.5,21.023796,154.653824,2.009352
267.5,775.5,24.207437,141.709837,2.12799
236.5,748.5,20.248457,159.775141,2.034018
580.0,551.5,21.095023,148.570434,1.98738
577.0,391.5,20.124612,153.434949,1.823523
565.0,391.5,20.124612,153.434949,2.043274
401.0,585.0,24.083189,138.366461,1.604407
395.0,295.5,20.124612,153.434949,1.914662
395.5,416.0,20.124612,116.565051,2.000275
345.0,431.0,21.633308,123.690068,1.956621
320.0,533.0,24.083189,138.366461,1.950463
307.0,808.5,20.124612,153.434949,2.320767
238.0,750.0,20.59126,150.945396,2.001219
463.5,732.0,20.808652,144.782407,1.845798
399.5,521.5,20.248457,122.905243,1.491275
364.5,686.0,20.808652,144.782407,1.845273
309.0,409.5,20.808652,125.217593,2.010251
300.5,789.5,21.400935,142.594643,2.207142
239.5,751.0,20.808652,144.782407,2.01225
400.5,584.0,20.615528,129.093859,1.697904
373.0,502.0,21.260292,131.185925,1.912804
369.0,371.0,20.0,126.869898,2.087338
320.0,810.0,21.260292,138.814075,1.679803
317.5,601.0,21.931712,133.15239,1.840453
306.0,588.5,21.931712,136.84761,1.872742
240.0,751.5,21.931712,136.84761,1.90714
242.0,751.0,20.0,126.869898,2.063702
229.0,756.5,20.615528,140.906141,2.221481
%orientation_field_4_center_x
287
%orientation_field_4_center_y
608
%orientation_field_4_area
0.027012
%orientation_field_4_aspect_ratio
3.499869
%orientation_field_4_long_half_axis
68.938606
%orientation_field_4_alignment
62.822864
%orientation_field_4_orientation_mean
51.145455
%orientation_field_4_orientation_sigma
5.693435
%orientation_field_4_number_of_filaments
56
%orientation_field_4_mass
4887.357699
%orientation_field_4_filaments
287.5,628.5,33.970576,42.614056,3.899726
319.0,602.5,25.0,36.869898,4.345087
325.0,597.5,21.470911,62.241459,4.317754
327.5,591.5,41.593269,62.818889,3.866038
300.0,618.0,78.102497,39.805571,3.979207
262.5,646.5,48.020829,31.373005,3.039502
243.5,659.0,26.400758,37.303948,2.863829
302.0,622.0,24.413111,34.99202,3.328443
277.0,632.0,23.323808,30.963757,3.500709
322.5,603.0,20.615528,50.906141,3.668526
274.5,638.5,108.452755,32.957425,2.318021
271.0,641.5,103.773792,32.005383,2.307739
297.0,619.5,91.547802,40.126104,2.402814
299.0,618.5,87.206651,40.815084,2.500944
328.0,589.5,59.941638,62.152422,2.500403
318.5,602.5,57.008771,52.125016,2.186908
285.0,627.5,52.697249,33.388514,2.258214
327.5,593.5,50.774009,57.875002,2.214611
285.0,629.0,53.814496,41.987212,2.079443
328.0,590.0,47.201695,53.615648,2.194803
340.0,552.0,40.496913,69.775141,2.254613
264.0,645.0,40.249224,26.565051,2.14048
301.5,617.5,45.276926,46.789911,2.275968
312.5,522.5,31.780497,65.854458,2.035958
316.0,502.0,34.409301,54.462322,2.065347
280.5,609.0,28.653098,29.248826,2.136789
280.0,608.5,29.410882,35.311213,2.276717
278.0,742.0,26.0,67.380135,2.094823
219.0,663.0,28.84441,56.309932,2.182889
335.5,575.5,27.45906,56.888658,2.169153
315.5,501.5,29.832868,50.440332,1.917977
309.5,529.5,26.41969,60.524111,1.927289
277.0,741.5,25.942244,62.447188,1.913387
274.0,606.5,25.942244,62.447188,1.876617
305.5,616.0,25.553865,59.420773,2.237063
235.0,664.0,25.059928,28.61046,1.982938
340.0,543.5,25.238859,56.309932,2.199697
282.5,606.5,25.806976,35.537678,2.2376
276.0,744.5,25.238859,56.309932,2.036432
242.5,634.5,27.018512,51.009006,2.148548
219.0,664.5,26.400758,52.696052,1.939896
219.0,662.5,26.400758,52.696052,2.244102
257.5,615.0,26.248809,49.635463,1.818124
247.0,657.5,27.586228,43.531199,1.825073
336.0,533.5,26.172505,46.548158,1.668782
303.0,551.5,20.615528,67.166346,1.753372
229.5,685.0,23.600847,36.384352,1.910633
314.0,505.0,24.083189,48.366461,1.896995
305.0,547.0,21.633308,56.309932,1.902641
260.5,614.0,21.095023,58.570434,1.87209
258.0,614.5,24.758837,43.363423,1.864521
306.0,545.5,20.808652,54.782407,1.900153
276.0,746.5,20.808652,54.782407,2.043052
337.0,548.5,20.615528,39.093859,2.039351
285.0,606.0,21.260292,41.185925,2.20448
229.5,685.0,20.518285,43.025066,1.852714
%orientation_field_5_center_x
602
%orientation_field_5_center_y
370
%orientation_field_5_area
0.029574
%orientation_field_5_aspect_ratio
2.766883
%orientation_field_5_long_half_axis
52.181204
%orientation_field_5_alignment
152.410653
%orientation_field_5_orientation_mean
28.28
%orientation_field_5_orientation_sigma
8.565139
%orientation_field_5_number_of_filaments
65
%orientation_field_5_mass
4616.55826
%orientation_field_5_filaments
584.0,343.5,24.596748,26.565051,4.06085
589.5,340.5,23.706539,27.645975,3.849551
590.5,339.5,39.824616,28.495639,3.680671
593.5,377.0,35.902646,12.875002,2.979462
516.0,348.0,36.878178,40.601295,2.851742
588.5,360.0,31.38471,30.650668,2.835529
567.5,338.5,30.88689,29.054604,2.942304
617.5,367.5,27.45906,33.111342,3.22754
572.5,360.0,26.925824,31.328693,2.806892
597.0,355.0,26.07681,32.471192,2.693648
566.0,363.5,23.769729,22.249024,2.899911
592.5,391.5,22.847319,23.198591,3.111418
581.0,355.0,23.323808,30.963757,2.754925
582.0,344.5,23.853721,33.023868,3.927081
546.5,340.5,21.023796,25.346176,2.503142
538.5,344.5,21.954498,30.068583,2.679741
524.0,341.0,20.0,36.869898,2.44253
581.0,354.0,58.309519,30.963757,1.917624
594.0,376.5,50.289164,17.354025,2.155685
595.0,338.0,50.990195,25.559965,2.333871
575.5,357.5,48.764741,28.141601,2.039372
590.0,340.5,48.877398,30.76272,2.388718
600.0,335.0,43.081318,21.801409,2.189637
519.0,345.5,49.406477,35.942112,2.048878
593.5,357.0,44.777226,29.427456,2.259379
548.0,340.0,41.231056,22.833654,2.10453
593.5,357.0,44.102154,32.969404,2.364025
556.0,337.0,37.947332,18.434949,1.842375
564.5,340.5,41.880783,33.310631,2.15163
517.5,346.5,42.638011,39.289407,2.317259
591.0,392.0,32.984845,14.036243,2.060561
530.5,337.5,36.359318,31.504267,2.02447
569.0,338.5,32.695565,23.428693,1.830491
576.0,358.5,36.619667,34.99202,2.052817
610.5,331.0,30.083218,15.422161,1.953454
578.5,344.5,29.832868,13.570434,2.20267
563.5,364.0,30.675723,19.025606,2.112398
595.0,346.0,34.409301,35.537678,1.908246
616.0,367.5,33.837849,34.159695,2.158207
591.5,391.5,29.154759,22.166346,2.408464
566.0,325.5,26.925824,15.068488,2.447073
576.5,346.0,25.317978,9.090277,2.255319
567.0,324.5,24.515301,11.768289,2.145381
623.5,355.5,23.537205,12.264774,2.051768
611.5,401.5,24.698178,21.370622,2.270158
590.5,349.5,25.495098,25.559965,2.00065
566.5,326.0,24.351591,19.179008,2.300936
528.5,323.0,23.345235,9.865807,2.177191
652.0,387.0,27.202941,53.972627,1.813524
611.0,401.0,24.166092,24.443955,2.387583
622.0,356.0,22.803509,15.255119,1.889662
537.0,334.0,23.4094,19.983107,2.292048
526.0,324.0,22.803509,15.255119,2.31434
677.5,414.5,24.698178,31.75948,1.995042
673.0,436.5,22.825424,28.810794,2.055786
650.0,381.0,22.36068,26.565051,2.096208
593.0,391.0,23.323808,30.963757,2.305666
581.0,356.0,21.540659,21.801409,1.853698
593.0,368.5,20.615528,14.036243,2.015436
647.5,384.0,23.600847,36.384352,1.941643
609.5,400.5,21.954498,30.068583,1.911358
605.5,350.0,20.615528,22.833654,1.906889
677.5,414.0,22.022716,39.47246,1.9124
674.5,400.0,23.345235,43.264295,1.590808
661.5,390.5,22.671568,41.423666,1.732365
%orientation_field_6_center_x
920
%orientation_field_6_center_y
524
%orientation_field_6_area
0.02653
%orientation_field_6_aspect_ratio
1.315875
%orientation_field_6_long_half_axis
48.816348
%orientation_field_6_alignment
148.972884
%orientation_field_6_orientation_mean
141.0
%orientation_field_6_orientation_sigma
6.669623
%orientation_field_6_number_of_filaments
35
%orientation_field_6_mass
1953.34899
%orientation_field_6_filaments
933.0,475.0,26.07681,147.528808,3.429616
961.0,558.5,24.839485,130.100908,2.657279
958.5,555.0,23.430749,129.805571,2.696681
972.5,530.5,20.248457,147.094757,3.540903
969.5,547.0,20.615528,129.093859,3.360865
969.5,528.0,20.518285,136.974934,3.281485
941.0,496.5,20.518285,133.025066,2.257283
883.5,601.0,20.518285,136.974934,2.832466
928.5,472.0,38.587563,148.781597,2.238227
929.0,473.0,38.832976,145.491477,2.153868
943.5,483.5,39.623226,137.045408,2.001872
943.5,484.0,36.069378,133.876697,2.170183
944.0,485.0,30.0,126.869898,2.09508
961.0,556.5,31.827661,133.72697,1.685737
971.0,528.0,28.425341,140.710593,2.009722
878.5,595.0,26.627054,124.286877,1.849787
808.0,431.5,23.769729,157.750976,2.090148
941.5,497.0,27.658633,139.398705,1.994891
912.5,468.0,26.400758,142.696052,2.055494
910.0,487.5,22.825424,151.189206,2.141527
910.0,486.5,23.853721,146.976132,2.090301
883.5,602.0,23.600847,143.615648,1.950243
876.5,580.5,25.495098,131.82017,1.963304
813.5,434.0,21.470911,152.241459,2.06934
769.5,536.0,21.470911,152.241459,2.036155
988.5,517.0,22.203603,125.837653,1.708365
975.0,501.0,21.633308,123.690068,1.78485
968.5,547.0,24.758837,133.363423,2.175691
910.0,519.0,20.59126,150.945396,2.148854
876.5,579.5,22.671568,138.576334,2.196197
811.5,433.0,20.808652,144.782407,1.993978
981.0,508.5,21.931712,136.84761,1.792581
814.0,431.5,21.931712,136.84761,1.802668
775.0,424.5,20.615528,140.906141,2.014199
930.5,474.0,20.518285,136.974934,2.147825
%orientation_field_7_center_x
886
%orientation_field_7_center_y
541
%orientation_field_7_area
0.023737
%orientation_field_7_aspect_ratio
3.456178
%orientation_field_7_long_half_axis
76.681362
%orientation_field_7_alignment
27.161496
%orientation_field_7_orientation_mean
46.563636
%orientation_field_7_orientation_sigma
9.327893
%orientation_field_7_number_of_filaments
21
%orientation_field_7_mass
1003.630034
%orientation_field_7_filaments
961.5,511.5,25.495098,48.17983,2.554363
953.5,525.0,27.513633,70.906508,2.15045
960.0,513.5,32.015621,51.340192,1.992608
959.5,513.5,33.970576,47.385944,2.057424
924.5,499.5,27.45906,56.888658,2.084616
925.5,499.5,28.600699,53.530766,2.141433
954.5,522.0,23.769729,67.750976,2.152786
885.5,586.5,27.018512,51.009006,1.906423
926.5,498.0,22.825424,61.189206,2.34721
868.0,519.0,24.413111,34.99202,1.735938
938.5,533.0,24.839485,40.100908,1.597744
750.5,597.0,22.472205,32.275644,1.908145
890.0,506.0,21.633308,56.309932,1.86687
874.5,544.0,23.430749,50.194429,1.332947
984.5,527.5,20.248457,57.094757,1.975155
971.5,511.5,20.248457,57.094757,2.064409
755.5,558.0,20.808652,35.217593,2.107351
916.0,475.0,20.0,53.130102,1.644788
883.0,588.5,20.615528,39.093859,1.957869
786.0,652.0,21.260292,41.185925,1.738097
746.0,619.5,20.615528,39.093859,1.915393
%orientation_field_8_center_x
478
%orientation_field_8_center_y
413
%orientation_field_8_area
0.015106
%orientation_field_8_aspect_ratio
1.57388
%orientation_field_8_long_half_axis
73.617656
%orientation_field_8_alignment
44.166549
%orientation_field_8_orientation_mean
57.088235
%orientation_field_8_orientation_sigma
7.005744
%orientation_field_8_number_of_filaments
18
%orientation_field_8_mass
857.010187
%orientation_field_8_filaments
539.0,336.5,20.518285,46.974934,2.772819
535.0,341.5,33.600595,53.471145,2.003955
550.0,390.0,27.856777,68.962489,2.131961
533.0,344.0,28.635642,65.224859,2.132118
553.5,383.0,27.294688,61.557071,1.951764
555.0,359.5,22.472205,69.145542,2.204083
397.0,408.5,23.259407,64.536655,1.980799
553.5,359.0,22.825424,61.189206,1.728897
441.5,453.0,21.931712,65.772255,2.018707
403.0,425.0,23.323808,59.036243,1.620943
555.5,407.5,24.207437,51.709837,1.897731
537.0,337.5,24.839485,49.899092,2.176087
489.5,524.5,24.207437,51.709837,1.846142
375.5,371.5,20.248457,69.775141,2.162329
440.5,453.0,21.095023,58.570434,1.891062
513.0,332.5,20.808652,54.782407,2.038525
449.5,513.0,20.808652,35.217593,1.836471
449.0,511.5,21.931712,43.15239,1.546988
