,106,112,72,66,99,98,67,73,113,107,111,105,139,65,71,59,58,70,64,138,104,110,128,114,100,48,60,74,75,61,49,101,115,129,103,117,77,63,88,89,62,76,116,102,11,5,39,38,4,10,6,12,13,7,3,17,16,2,28,14,0,1,15,29,30,24,18,19,25,31,27,33,32,26,22,36,37,23,9,35,21,20,34,8,127,133,53,47,90,84,85,91,46,52,132,126,130,124,118,44,50,78,87,93,92,86,79,51,45,119,125,131,109,135,121,69,41,55,82,96,97,83,54,40,68,120,134,108,122,136,56,42,95,81,80,94,43,57,137,123
106,0.0,3.3986057690824825,7.603065396607319,7.282292340830738,1.3833413617388017,6.010250642343434,1.78533668528006,1.6141220566417593,3.229498529701949,1.9586855892708948,5.867080632756601,3.020343600480488,1.1821075626931947,2.0078094179722132,2.479470243818357,1.2538618753728148,3.460211410315154,1.2058878407677267,1.2290803360710438,1.2934733896127437,1.8341036634220944,2.213415919221206,1.3292279732939498,0.7086111003949461,1.0175380670015057,3.9595203299149944,2.161393867786135,0.8655813868702034,2.4464909141728395,4.362562233550188,3.339906233262353,5.934466047216704,1.7291922298110027,1.1774444496670617,4.778126705679034,2.455229868630752,2.611178198675756,2.0917227550478636,2.1565278041823004,2.0647248709642265,4.359596091036766,1.3482464871199387,3.8241079783106713,6.014263380017795,3.272867611371257,1.948121908429569,1.4067329053792965,1.4351244251830781,1.03826238779307,1.6074555304981413,3.4447884840796865,1.0341902352267962,2.662842066841379,2.648760869878398,2.652359587637523,2.2837137013516857,1.0883792361167441,2.733773057025971,1.666223677659877,2.463980353375,1.6134773705325283,2.1045795585234353,11.757524677415573,2.4295326813219797,1.2555910899584812,4.867843333720654,3.892522084466495,1.4042310662894377,1.7313092297148922,3.1801602241455673,1.0914516576282385,1.8373179269903337,4.542216245446624,1.9310286656234255,2.4232300255596346,1.4189254745026927,0.8874072618786136,1.5253842695878688,8.373782635985295,4.054176588909401,2.914429392787197,1.7319398953192608,1.8183196401631998,5.937644889088293,1.7951193134179917,1.3490459796584309,2.307372414730161,3.864595461779234,4.012931586956217,3.3636333977494752,1.6613432273629414,4.569847130654674,2.889932933601079,7.007255840856659,3.940514123873907,1.9902275021722,5.1795657035447675,1.201684365447731,1.6804688991098653,4.599545664073131,2.9154300942622475,0.9423832027552053,1.5734180293100026,1.2220082588204155,2.8481143734827397,5.086659431447994,1.7571219975744476,1.7989640408125185,2.7948558145374975,3.7333219901386285,1.4892936959130036,1.22455635363965,1.2464032090924966,4.134479568301407,3.269554323035171,1.722349439109357,5.5265822161425655,1.3021092787201123,4.268660504057534,7.782680548261673,2.583869388543636,2.8046144401904813,0.7774874255518476,3.6413382055817873,2.501588977871999,8.459177719737566,1.5937338244855697,2.4996882020874582,1.6917142391579723,1.4503865698405214,3.649375843402319,1.2538223142453278,2.084547125489193,4.792185160896093,2.0996827629176877,1.0576214979332135,4.382100280169904,2.759092871114819,1.5664471807411544,2.075485642471573
112,3.3986057690824825,0.0,4.730975819135172,5.297700520425263,4.104155443623889,3.607621838387315,2.632462325820218,2.3042802634305715,1.1516703661968373,2.307688779418871,4.080713578242479,2.2238833658902375,3.6976211120403755,2.621790990151165,2.6593187288562596,3.160084323279664,2.78899163008428,4.312047835434523,2.8897040115799517,2.870706116961933,1.8036449325583555,2.2324666118258825,4.3190080694963,3.8106363990837364,3.157513411181019,2.836278611042864,2.1859080268197344,3.2391712730790543,2.264258535065895,2.19179714724459,1.7911604535884256,3.6763342230563247,2.555917864795253,4.2669821593378625,2.37746592746757,2.167808926401359,2.565627418550729,2.477054208810002,2.2208706722100913,2.899869155325935,3.2219084259280595,4.326064713617378,1.4183230747930835,3.658995220773913,2.1652970576035098,3.004702355685803,2.944041106847528,4.24422847174321,2.8985633192465188,2.5518184011203147,1.2214025114376768,2.961940354495313,1.98582154186166,2.3557070893431744,1.989167502812627,2.2394726983668694,3.9256025651525106,1.3746228635905238,3.788553005337005,1.9205390534332478,2.7693059066934302,2.4531607939065196,10.350794137859118,2.667232186297474,2.9638264521592896,3.213601498815337,2.229236506519687,3.3696174488901147,2.5884799625744526,1.937593260063924,3.921830914247305,2.8729072082839835,2.666316931099571,3.1019135971539775,2.0970335830949725,3.150914366985363,4.042953317083171,3.064014861454495,6.503601684816083,2.0587947675237515,2.088495388674401,3.1269483341224698,3.078283937039759,4.097040095140242,2.1175829118962173,2.9888080811358884,2.0423765083309195,2.1986874650773496,2.6925352046818984,2.0096818042955817,3.1816937596203836,2.807517233976221,2.5177704272811736,4.601204616087532,1.6316997292418272,2.919387410042328,4.08062327067145,3.1357874514231026,4.5928877560179995,2.252583638728022,2.497785947369906,3.2947430532672133,3.2484218959936046,3.3457928818402034,2.090258533710031,2.8698027853178125,4.809611127269427,3.067080586935293,2.648493254752423,2.831691406019219,2.2466101019769997,2.90349111704676,2.826587410906689,2.494789789614331,1.909972149512161,2.4150935055037475,3.4397368369677364,3.255193480010178,1.3576730083188782,5.516225427215641,2.325059940580113,1.797862250790314,2.901866457542936,1.0028169263674862,2.0333373279434825,5.655383355073891,4.212658190288968,1.906881128763846,2.63644333174234,3.063657043595204,2.4367833040314117,2.8076207468941874,1.5613231782526575,2.3728644315497385,2.9279268722998975,3.0185597975967093,2.28304129760929,2.762222819882582,3.147511923864717,2.016047027747137
72,7.603065396607319,4.730975819135172,0.0,4.916035482320068,8.037821155979119,2.651832572123,6.875457937669209,6.508481398928022,4.854269088538201,6.302087662481947,5.007084221584734,5.589604059650868,7.958948538947356,6.868657741061294,6.1640197624765,7.463745384590672,6.01688215846107,7.969005376278314,7.33000148718698,7.168437258261932,6.251917950548713,6.067607929843051,8.12207657907575,7.833491751101704,7.557076044848541,5.3792777423214035,6.176069720003398,7.582714098396371,6.279776422097447,4.7974762636815305,5.410417099781383,4.044580827734339,7.0743073757698705,7.981080231227126,3.199440580613644,6.449091970589898,6.71916040516523,6.705582773206345,6.40006914405474,6.625310762036496,5.455261570711576,8.073166837819238,4.279967597175449,2.3016120820752617,5.5312182587325145,7.185959461830737,7.41261168829203,8.03746393472995,7.40546566466038,7.006387654390732,4.818882842131183,7.4647127993341025,5.583182625338956,6.153628040193374,5.600784350335454,6.470496421308408,7.672355805558489,5.444924273861633,8.039011923269532,5.691096649668868,7.108645445290831,6.305021891988627,6.068122643074888,6.537636637626458,7.096849333122246,4.748518349993092,4.963265480463061,7.741235999966467,6.796623353458827,5.151100459785519,7.670173013000209,7.250901583234143,4.906191053924476,7.413152430265544,5.906379213871713,7.330143928483096,7.862560875297743,7.457298504183738,4.716692863519066,4.313357297308839,5.75093902311337,7.38723501827975,7.421456345594953,5.238941085008452,6.477503122226761,7.490834257927757,6.212263003463509,4.865090932318158,5.63946196145199,5.56484247730395,7.335238959308024,4.932383451880047,6.384520685258425,3.9891845633118113,4.975991083479969,6.779728172204112,6.017459658061756,7.547268350647381,8.162340552144268,4.225096659017695,6.349941535005288,7.621509400957163,7.645350098052012,7.354544456816025,5.785292328746884,3.2952960530336437,8.110855051405458,7.265688987111276,6.227073556980249,5.937723163327939,6.3991232607588975,7.12620787223361,7.142545199716185,4.794119995773192,5.451970254028709,6.502268132847944,4.090785675873273,7.394707094280756,3.761342874911992,3.7044358531960007,6.429438067941362,5.619402682572633,7.2393234078092155,4.196947117924361,6.155923256818809,1.0741523412832765,8.199253139065485,5.571616164533524,6.891690153302076,7.092342512335669,5.233516041891542,7.09074272521221,6.08544234771754,4.002712740609094,6.637303106750826,7.19708622757921,3.946058480537925,6.592145780295,7.562387826767479,6.289217776952654
66,7.282292340830738,5.297700520425263,4.916035482320068,0.0,7.523283053666924,3.546929478245859,6.763603998592428,6.597513092591595,5.1337861715187,5.6481946423791545,1.6254390667362109,5.1224767708218835,7.485909787448016,6.829693034678572,5.968942162197865,7.225998314924306,4.2447628867897285,7.466946489825526,7.088219947001911,6.862767597082673,6.090758929944999,6.0526754722689375,7.612480996356366,7.376227197921714,7.253649925990535,3.35771401301888,6.61507253064798,7.348447029243593,6.328031665470844,4.049082667557118,4.740418040050597,2.9302543376060837,6.454936613215099,7.458724559585707,4.085436326771967,5.867536780637384,6.784630319819336,6.7241663830510605,6.6891783252956465,6.609623158812443,3.0574834933612753,7.551633061606414,5.269145424820006,4.01561553309484,4.470713887790611,6.960317039995033,7.148083036210023,7.500384890653656,7.182726706794062,6.737154935524733,4.6675262407905675,7.281956677778137,5.908855959576215,6.33241059564201,5.918889734830602,6.186775494808096,7.23996274602075,5.535445903633741,7.564567828396313,5.219265328882755,6.965036548836433,6.008643388883339,6.717740567201068,6.79595218584728,6.710033079557048,5.933403180014893,4.360127455994878,7.445300455750829,6.667047783243084,4.646889287244984,7.238460371441361,7.330162662848296,2.911554870425179,7.454869853831666,5.9080003920291215,7.022431798065165,7.389070729000396,7.043245486621634,3.009891110998217,4.1528144474439825,6.02725968195193,7.364189818455378,7.047695136004303,2.1352140467293883,6.473379285584585,7.0649377408589835,6.364812194805758,5.4756271309421,3.8141066870552747,4.638400371228621,7.395406244454816,4.690635805978339,5.317185392512066,2.3364702862573177,4.8466190380584555,6.136247308933824,3.1359627847887017,7.366977004852406,7.623940902031278,3.461782497584798,5.285744731885104,7.296938047992442,7.406300942516302,7.2730748581876705,5.426995476013343,4.795853978863783,7.800308860665642,7.113474290351413,6.752831826104746,6.417040457777505,6.533196920653099,6.9656968411298,6.703052092567156,3.7577355024214865,5.578309171741579,5.901003204245707,3.304746839160369,7.12080510003612,5.40321946560641,2.9397760150105676,5.956631208567415,5.5867246501612735,6.840097775082628,5.281514401509422,5.231015367907732,4.9480566495978895,7.692104010483894,5.8584086927047485,6.555026394224401,6.976678445975284,3.7084582483613384,6.632161660316012,6.021557220812044,4.183997020268428,6.622392989937383,6.925545804235459,4.710463393980932,6.977436336135528,7.399532148035074,6.19169543337042
99,1.3833413617388017,4.104155443623889,8.037821155979119,7.523283053666924,0.0,6.560990020625329,2.087266164091357,2.214325160598158,4.092043061113462,2.7654642190136647,6.441552822928562,3.7941619600404555,0.9460541897558944,2.427190900757648,2.9226300462948394,1.6427112021139723,4.190331264677646,0.8899399113647378,1.570884566072904,1.6437296626964275,2.6177170552892735,2.8300393287635623,0.835725686430795,0.955773630468842,1.3483695592669376,4.83107757912679,2.6984837709857703,1.227549103363024,2.9818275716783917,5.013971544526346,3.886438561514446,6.536498659513826,1.9998999163387159,1.0659616587246448,5.5784932355761425,2.711351922118445,2.657139548309872,2.515085498245773,2.827125194605001,2.2494363548780223,5.1962815906675495,0.9798721273806966,4.659254764150943,6.660005024459482,4.033252716824593,2.2088478131317943,1.57280947511653,1.0284364150212195,1.4927529169109153,2.113973004815015,4.201353629869578,1.461107554711645,3.2528497931698843,3.3211001773457323,3.2364730740087175,2.6643891794753065,1.2353753699555907,3.405861096922262,1.1520854866009596,3.2797846970987328,1.9043143670386389,2.716153103772639,11.952869460565466,2.794267748391587,1.8097747915233968,5.631013887930544,4.729296470208315,1.2712559125716758,2.150106556362328,4.010883743626999,1.2393835185187876,1.9310344825525403,5.365060136237977,1.8283942780028388,3.2216252378623893,1.691249844877819,0.9102921322621734,1.8760834597686966,8.656303423034313,4.757260119119283,3.426756019676599,1.735871974378003,1.9212001741562874,6.155037006794867,2.509842031229002,1.4261238983439637,2.9130772633705972,4.735299695265927,4.686520630624507,4.015708829727557,2.056318684176681,5.280583034743473,3.2871759510525003,7.2965188206282,4.61606938424139,2.347952692360801,5.879732740749679,1.4525933352780422,1.2466693305134824,5.31040988659259,3.3236969943763706,1.2989551407621898,1.3804062746629528,1.345736620451868,3.4328954900522324,5.721601672129127,1.2977318283781496,1.9127124554208907,3.4550973821555857,4.162316951719859,2.2622628068731045,1.8175235995526957,1.7931722136541723,4.96639905896802,3.749343861239059,2.5497912153934412,6.245523147109565,1.6115343813720049,5.0321200156413495,8.231037196193151,2.8740204514452405,3.5299274160550373,1.628976106413139,4.476834323362267,3.224468508802463,8.857936919215492,0.8510511282738917,3.417076672456756,2.129050814418559,1.634102727256465,4.542109993347211,2.0225844957589802,2.7963810232344914,5.4417827914713675,2.270599362433598,1.5471795892588334,5.001197893907547,2.9784079987301197,1.6270695604740757,2.6726682006409797
98,6.010250642343434,3.607621838387315,2.651832572123,3.546929478245859,6.560990020625329,0.0,5.157174199019249,5.0499921058663295,3.5225915179746137,4.423840993149305,3.279075434228845,3.767375611823373,6.442913434659974,5.490329857416474,4.5601022957067485,5.785687934786143,3.997716890032897,6.524667561919035,5.663988756171461,5.4697124243845225,4.808737618037508,4.545381545574774,6.706502304418342,6.353123957756205,5.914087061510232,3.325215971721963,4.797473893551305,5.9004061071391,5.005781222845784,3.5358496004705615,3.8650363331975983,2.602684746204669,5.208725666997084,6.573071905988467,1.9094749491810676,4.689973651327969,5.027094417982838,5.336796745401435,5.076534931116246,4.986249486769382,3.4272684155415667,6.6608136707253385,3.3199538412605545,1.7012412496080285,3.5949079901929215,5.611644965305729,5.768422347813403,6.55130360746417,5.814431144809493,5.35531704469543,3.45773366939852,5.894637894435218,4.0180232425500995,4.755214362645205,4.033454668585449,4.987395804270466,6.191271285163811,4.176088816252043,6.473611487822853,4.0293452798801725,5.563087979635919,4.490300099195417,7.363965746664517,5.226630366684708,5.281345612616945,3.9075100534485436,3.2189912289642173,6.117745176615151,5.270957453646745,3.2697887839084654,6.18876190647127,5.857545309560884,3.1341170751181053,5.987717273000322,4.353042962537798,5.6934907053519765,6.385685102868813,5.794287223107197,4.508907253675657,2.3152623886409893,4.357752515625927,5.9297866253535965,5.7622904320965755,3.5387895851513713,5.010916798964886,5.791619982037211,4.8452441757142966,3.6648919979910985,3.765140517033696,4.042132194635823,5.937299944251782,3.793043481326897,4.539222150317769,3.543032065793391,3.249038666669109,5.158206455303522,4.29932700247481,6.028110824627649,6.7965387324974955,2.996710271895554,4.516803575119288,5.967861009558159,5.972210328673718,5.757934930034372,3.9808564804796136,2.623593790774402,6.81799366160775,5.665669165916881,5.031364388226885,4.7757601796653955,4.915810083313976,5.493668410688595,5.4023436332718475,2.9075843744599963,3.9212373384582624,4.65343696867336,2.612250168854502,5.653118867875911,3.161217390784022,3.242137171806478,4.921005890804838,4.261545892429069,5.5315862985433455,3.3494430606291226,4.457660458875537,3.250646464622795,6.789867401669502,4.090149329324321,5.194904035497357,5.54093035525442,3.2187320165866646,5.429042986943765,4.500416499046559,2.8795944296244933,5.001898361708128,5.579762317945798,2.524365776687223,5.3427634040739385,5.996197116880513,4.719106606065746
67,1.78533668528006,2.632462325820218,6.875457937669209,6.763603998592428,2.087266164091357,5.157174199019249,0.0,1.213330379759199,2.5604114911756506,1.7494846707711924,5.4251155045590345,2.464084134021816,1.893645038974855,1.682611522275424,1.8500280193250727,1.4027290806836403,3.1129992407320595,2.3244186177359563,1.3944566551380908,1.3630572829990544,1.592029565059613,1.686417931298207,2.3270686698652945,2.0176017372127344,1.5759324172495686,3.65068714594861,1.2753352941383485,1.5873766146780734,2.0115999315363484,3.622744037315375,2.69938103622086,5.275415447610054,1.0743308330075139,2.3175185105366536,4.066509202679458,1.8811443550514406,1.343494710349592,1.654233338220743,1.5736613844594138,1.733127032050501,4.058091626735955,2.3628562684370027,3.010748747570634,5.445668045868691,2.6156388888049604,1.7246138293639623,1.4645696063548976,2.1269226306728473,1.481294027344923,1.3487022751364577,2.676877945448461,1.5026075834833579,1.7410573027040148,2.257605263914741,1.72609404184979,1.73654305018704,2.1723576020283777,2.0571013680631345,2.111926313785044,1.927238913994061,1.1984714668594247,1.5432628850475063,11.733426348624985,1.9104780850135532,1.1231833910484772,3.9713082448264494,3.2673666654177076,1.6024508480234094,1.5696441551028042,2.5590880700733023,2.173005428008662,1.4658276465819016,4.068035263191217,1.7986048205892957,1.763313024499749,1.2068972351028127,2.1895468629026555,1.7162315180703427,8.276712301790386,3.1602006094119846,2.0249212409496096,1.8161190117713528,1.6404197811582135,5.388898222848961,1.5331071699411294,1.221324107934396,1.6390679055375186,3.2424873598660096,3.5512803195952563,2.7554960155174113,1.8384621743727407,3.8532231473809677,2.4909925354405895,6.379378989277394,3.17344604682323,1.9812009420480927,4.979373831889195,1.3167155241963766,2.6401583063986642,3.9332339231234466,2.509246761124434,1.4202363566011063,1.6798844739271916,1.5995081009275707,2.2410474363505317,4.437487307500129,2.9010409454006774,1.5419413330023308,2.2980352259772006,3.047132770584009,1.0491264455956575,0.9423998161401456,1.3560625866273812,3.5504467540416957,2.160134881768125,1.659679917132613,4.866677695995033,1.5883137327774208,3.463079852125199,7.196813039862422,2.114932176013221,2.2384652548933035,1.3613079779108155,3.0127933777425997,2.1856782793859995,7.777229216378623,2.406846695460609,2.0429285882789903,1.249065552979559,1.4134390839376938,3.273226006420274,1.7537812959344121,1.6377018376729238,3.948714459844062,1.7684247110439937,1.3693920735346707,3.6051962328816356,2.2282621027459815,1.6716068459169107,1.4431573721574147
73,1.6141220566417593,2.3042802634305715,6.508481398928022,6.597513092591595,2.214325160598158,5.0499921058663295,1.213330379759199,0.0,2.360343230263302,1.7547839853747016,5.19981727509044,2.57318561727813,1.8989234824204457,1.423738596767062,1.6515767677202853,1.4915296065308485,2.95973198522394,2.3790386034014315,1.226326336385807,1.27199525944291,1.202162786573425,1.175684470898232,2.4062874015441733,1.9350162671803952,1.414415953136078,3.461630670054001,0.8493522587282014,1.3727444375799023,1.5790041219181918,3.3325476758415413,2.3110439408947956,4.974210946201401,1.5608449464365592,2.3048970068715553,3.878078346825032,1.7689489973710248,1.7986908379610687,1.396640934130423,1.4182475241768584,1.4578363932494054,3.8681810103695073,2.4000296029783854,2.75134158855876,5.194324196521894,2.5550088589157647,1.496123043505399,1.316457405266098,2.401719253461208,1.494278033589109,1.3342062559332235,2.4078098465786253,1.5247236868692415,1.4210295952743708,1.9628525473164622,1.407152020565338,1.3859184013565684,2.1281183297359685,1.5993966793518894,1.8936571973752097,1.6125610242993005,1.098259548462415,1.9588408099547285,11.54932914147072,1.5087347071135706,1.593092107348036,3.939783282600605,3.0870831974099384,1.6862881162439232,0.9803435643014519,2.538144142424751,2.12641976583602,1.5425404927563013,3.8178784154426637,1.4653843363932286,1.561179358269158,1.4560124556240068,2.14083541329673,1.490557421951628,7.981131572167819,3.2145442174780707,1.645576856974109,1.3830894615290732,1.5500655413079163,5.239530755950002,1.3705514707848945,1.3937030029931479,1.3859395062773792,3.074711212867229,3.2375288269943363,2.4562165510030405,1.5824169545950764,3.5356952403947366,2.018652067613791,6.074815417136361,3.0955745432160047,1.7251239899143314,4.6945594387646645,1.2989603057739654,2.672969607369941,3.54659639050515,2.0314300434973847,1.4525472824960657,1.5638781593057252,1.487239138501006,1.8697972762497865,4.290887188181363,2.901646093197213,1.4439127694146712,2.135296533994616,2.7665764760786096,0.6656182320568713,1.207790113476226,1.4314994977418558,3.524443976776573,2.1121999818267243,1.6735550875296215,4.703967956884431,1.6568095403057206,3.0558264106717803,6.979606685541417,1.6087383639598711,1.9840969580298575,1.2915973820234743,2.495948774227627,1.878524999880872,7.42615156958977,2.3847625274830313,1.8815920179596253,1.5444408150219449,1.2833078167495593,3.120682866035108,1.2413852984220932,1.3873148003450348,3.624654924095099,1.4874216873487058,1.2928206079599018,3.3737584089361676,1.83925631653448,1.6788085682356544,1.2847248376554374
113,3.229498529701949,1.1516703661968373,4.854269088538201,5.1337861715187,4.092043061113462,3.5225915179746137,2.5604114911756506,2.360343230263302,0.0,1.9262931908407197,3.975718785512102,1.4716130182098208,3.7264300229963876,2.622767530117585,2.5191602040313983,2.9165131950816394,2.767452161847686,4.204216515748903,2.8102665667375644,2.755318102658928,1.6717611301244395,2.245899327940329,4.288873949055521,3.6759427555513464,3.101586612065027,2.590238415349654,2.2429738254029057,3.2399374437711996,2.430898476616459,2.51790921602325,1.8450210384386305,3.4228454076410433,2.742491791649796,4.165105140882565,2.1060542166437366,2.3609088365482838,2.5870292967170543,2.4217013696741936,2.2165334993509207,2.7808538495530626,3.0524720328622625,4.2452838193418225,1.3230803981223556,3.6946744326063046,1.9246316118726536,2.9065789811727543,2.897588388765753,4.134797418086356,2.8200004276922335,2.4411407873279902,1.1966483706744928,2.890132383391273,1.9644276901427455,2.2953886054782027,1.963624313519478,2.3703267212735755,3.8087236209945106,1.5546189069324232,3.741678079985744,1.886348845645447,2.6684307231065834,1.9435895663262497,10.157053852304935,2.6955224147149233,2.647171757065752,3.1777935295578206,2.167452946516806,3.308260158076135,2.502733771049134,1.564870518467156,3.804530126670456,2.9594186308537678,2.584749964205262,3.084337911018601,1.8465044270488022,3.0108594207002564,3.9432370606103535,3.0706310364086677,6.651806472191939,2.0172421914721994,2.1556155812694837,3.1052497997895347,2.985675522756777,4.2319532775329005,1.8795961801361487,3.062658712319941,2.0470614391671886,2.033048551156435,2.804740092436411,2.1635569858546138,3.1390680386285874,3.0580845144704116,2.650930452346524,4.71708034643127,1.9942390649029613,3.011389433490551,4.156054630460471,3.0705500543941198,4.479094215918234,2.3317280478418767,2.633256783812996,3.214029900174922,3.2213665053382563,3.192156554839465,1.8098186827603473,3.4071378361181583,4.707511102892041,3.0336067948046397,2.630065578756764,2.7908447644835492,2.2876011979046225,2.654201543654621,2.656658464954721,1.910381061622581,1.7681212417244687,1.9889157441446175,2.951983667945096,3.209676036653613,1.7357155152945145,5.205701584256463,2.463606898243605,1.4626721273502115,2.702540397453072,1.2587989551892704,2.1132777812051047,5.750324658699502,4.171319413742003,1.3672567503351365,2.3116557811782115,2.9738181660719256,2.076311307173809,2.7652088719069288,1.6224846865174658,2.4241136350734176,2.8047624119285453,2.863840242650574,1.94449485488774,2.8345273915780385,3.0522896211097845,1.7471394110905303
107,1.9586855892708948,2.307688779418871,6.302087662481947,5.6481946423791545,2.7654642190136647,4.423840993149305,1.7494846707711924,1.7547839853747016,1.9262931908407197,0.0,4.331439194409506,1.3330823754875976,2.540414497367561,2.085994376316241,1.9437188266307561,1.766042794161164,2.313862852438121,2.881163506507598,1.8853115984981976,1.5647143764790383,1.12947927386072,2.018541926934212,3.0071510558706724,2.3325523521044462,1.9062958421915681,2.439298131896175,2.0576690836801346,2.1424627426140925,2.3462981298344987,3.1385587264717096,2.1422518187424315,4.341228089966032,1.5717368334043345,2.7971019156271195,3.253773508289519,1.8805491430050518,2.4462752663321985,1.9898889253138021,2.0624051243834725,2.400458415011965,2.909926143869707,2.951949909710634,2.954669860052149,4.466985145488227,1.8855703085259425,2.20620665677972,1.9139588925785902,2.818610198632727,1.849800964123549,1.3995466203148275,2.093811562345194,1.918402445682094,2.093925061502397,2.374694262726497,2.08551428012792,1.9932266184133571,2.5459902930319274,2.0095365173329154,2.713084800528285,1.5437822729421886,1.8016519258422001,0.9204191598965564,11.009912779604297,2.574090628696222,1.276545567657814,4.287822799306223,2.770347867301167,2.156974272938583,1.8645511977082667,1.6316578485608468,2.5435470559459326,2.3577949931549633,2.95442827853499,2.3955032931801474,1.7718563090508923,1.8361968663943369,2.5571529046121357,1.9602917670425153,7.5225016668461056,2.5082833088671084,2.437866035412291,2.407792860005878,1.982180200209238,4.563198350111328,1.3155791939828647,1.9827443099061548,1.950728346912974,3.0300990271320467,2.7316998186103927,2.2325699421173355,2.425795855024768,3.6708197553869333,2.149359235702643,5.708453276702091,2.8451886899406005,1.8796279958740243,4.024086225614363,1.9928415666746198,3.218376858454029,3.231084150701044,2.1575832319311257,1.8651916383608012,2.2106070212258855,2.327557477860094,1.5852326922627813,4.033396569166256,3.5108443913401417,2.2108955039370706,2.7934025997894243,3.2318506838706726,1.6348365415056447,1.572838554368702,1.1761136734931015,2.3061013373995998,2.219281372297875,0.39567986710566433,3.7611300700661174,1.9915864770966907,3.3621888137590905,6.143300355899298,2.057646289752195,1.7306756286865579,1.3692301626447023,2.773974487679327,1.4929011287890146,7.117911963067918,3.0390384029958653,1.7087942153589284,1.222233777474945,1.864312581889964,1.982941177260721,1.7254157350332497,1.38671276926171,3.5260637438001243,2.435335440860926,1.591569733558865,3.139097501954227,2.7826377101382853,2.181301035485669,1.2325100150998969
111,5.867080632756601,4.080713578242479,5.007084221584734,1.6254390667362109,6.441552822928562,3.279075434228845,5.4251155045590345,5.19981727509044,3.975718785512102,4.331439194409506,0.0,4.00801023710114,6.431189416671911,5.491469717815214,4.614774835203012,5.850528376169092,2.771565298792382,6.361020312675052,5.73110629244695,5.483981550080305,4.761129589396665,4.6742371165353145,6.489504233362428,6.271710665752086,5.859531423307464,1.9657259109615592,5.288114943427961,6.010579191946119,5.049287920211128,2.7496002126682297,3.5465167243479505,2.8793793240912398,5.072631219837138,6.3588245426724415,3.453218710486608,4.576277460330662,5.55931499299731,5.417499903416819,5.3532053263087835,5.361750235003595,1.6135515322892038,6.4246003892699814,4.219526787071891,3.7753486792276156,3.105272601027154,5.570035465324514,5.796733397884121,6.388189961231206,5.81018772889987,5.417606271363135,3.6094446305012973,5.910279526477568,4.652467344205137,5.042707396342812,4.658773438339567,4.854996338810917,6.182226294655507,4.420881040753721,6.494097827125193,3.8141404592938435,5.622972173323405,4.752029124423068,7.9974059756184674,5.4904471060803814,5.3451711123661525,5.040492936661906,3.106864108491764,6.206378159576123,5.347068499516605,3.416337589811731,6.175089197437371,6.024435692196191,1.648906334076288,6.123715637957725,4.607651444032186,5.61269056539008,6.310171660615627,5.630633622169527,3.5929636701301084,3.1933517112625855,4.803869395654626,6.046813915661434,5.691590334925543,1.3473251217308344,5.159212461164672,5.689902600730471,5.059006507129104,4.3951504937887025,2.476085562571414,3.3184800211350693,6.049885085537099,3.6254875342962767,3.9913567485872554,2.4065363009755356,3.6733076175835344,4.719523691044466,1.8029972558720913,5.968015201325529,6.484845788973761,2.52738392949896,3.9586512014356585,5.907498406304998,6.0808585853972765,5.935398843853302,4.327869168986187,4.027203174550883,6.624617409885886,5.7926223669595025,5.4745346473439245,5.32554786327088,5.13195643338667,5.625646160377065,5.333454883740088,2.829973348058841,4.465949302941184,4.593149085474022,3.0129804869351324,5.699307479563775,4.41733031898015,3.750647423830466,4.634614337714905,4.403853560239688,5.445950072742297,4.221382280497549,3.835621816513314,5.354178677801314,6.5821053702871595,4.6107979923456766,5.251402349218169,5.583410791290759,2.431300622383475,5.246541997373088,4.720945678718598,3.279892271590895,5.37752799668367,5.540922183520649,3.922000805905991,5.7252371830312025,6.047755080446884,4.931118123122369
105,3.020343600480488,2.2238833658902375,5.589604059650868,5.1224767708218835,3.7941619600404555,3.767375611823373,2.464084134021816,2.57318561727813,1.4716130182098208,1.3330823754875976,4.00801023710114,0.0,3.5126614829080878,2.773552647451958,2.624329113776673,2.604100115405445,2.696999500268217,3.9023518633924965,2.727763333249272,2.5206702695690835,1.7790567692783528,2.625497932386798,3.997388399316538,3.3959640649997986,2.9004359550090397,2.3868335618394503,2.606605794316911,3.0985957675721405,2.8035908069287645,3.196679469944217,2.1480210504405686,3.3998765079424773,2.499671253283291,3.8589204300451927,2.4395916343410575,2.449331105239133,2.8605076653605206,2.5769273079581376,2.6196135208338975,2.676007368651185,2.910512516800496,3.9363206162097604,2.593132765643989,3.6359455184050256,2.081823192859711,2.985852808263177,2.778214965542979,3.775036689235009,2.7553775475460576,2.218100186222597,1.7232247282414894,2.815396288191628,2.3300177090882337,2.7525820065762856,2.324882514858982,2.6334019794665418,3.487835367633946,2.04394550139971,3.6256070172777903,2.133876100682692,2.60961237157086,1.3235713847826316,10.188964511266155,3.101299498837993,2.1539678699690072,4.049032277676613,2.7755977681672865,3.053140049415159,2.503490219783392,1.235801167649841,3.4835307056979574,3.0706674536492975,2.711419023972277,3.1448363896638085,2.192472499433921,2.8973193153557126,3.6728441851795495,2.9846796583227344,7.104966291957857,1.9694466431366728,2.637535100501515,3.1321106978779847,2.839000780962532,4.365355330856225,1.9649883857523318,2.9858640652820254,2.4101354605964898,2.9066035569894955,2.9082622827694213,2.513407537950005,3.1329872693473497,3.624666372634759,2.721694344865937,5.233860070193911,2.7746660266491925,2.8476587828221493,4.218863924934049,2.9746000419559224,4.153500157274574,2.8247606473309705,2.7125629212254827,2.9288865601884337,3.0425363217300796,2.999543604049637,1.2967908889629933,3.765417420304767,4.439189329447852,2.921247889577468,3.18058254540058,3.2248453334306952,2.46763623851732,2.4602498258871788,2.264529796975506,1.4755530730269453,1.9846053977818614,1.4159413133519754,2.7347960754396503,2.899423612507341,2.9568597969825965,5.149044201730411,2.6495528951011402,1.6058044029248684,2.4355317809827954,2.382902340135886,2.1872667598604187,6.382742808913974,3.9360500640777314,1.884782291894429,2.0649688285583188,2.8599547815271102,1.74748095164843,2.6273212776254398,1.9198885976711038,3.1021560879220536,2.7015021414789615,2.6527010027972304,2.473717540599233,3.1818504543157977,2.9802599349240833,1.6865371572336432
139,1.1821075626931947,3.6976211120403755,7.958948538947356,7.485909787448016,0.9460541897558944,6.442913434659974,1.893645038974855,1.8989234824204457,3.7264300229963876,2.540414497367561,6.431189416671911,3.5126614829080878,0.0,2.0567443124508595,2.668861335059634,1.492375959816905,3.9538371738479565,1.2207650637758916,1.2199769147878934,1.5330373947660572,2.217084918002622,2.5401970639811986,0.8696273567545151,0.9048934557370468,1.0994225326123885,4.562136244365312,2.3230991021809877,1.2253872198403464,2.496382134586767,4.676211221833237,3.520069679950012,6.38549810542362,1.7534933139574356,1.0902442253394762,5.313086972076454,2.4033978240443794,2.387505812402113,2.1215010860358494,2.4654826984297418,2.2003015031715663,4.959794252112118,1.1582720487147808,4.242672946787631,6.474186042754989,3.7968399703137865,2.0048649689167215,1.1342113302178458,1.461834315016711,1.299320494612724,1.822401236685543,3.816040283785204,1.2606755036648725,2.928827643162564,3.0494036874102273,2.9137428114277766,2.2941035516465265,1.4028285895771082,2.9640195715939366,1.1868483129428482,3.0174314523079806,1.575668411942264,2.561691480777262,11.956023865134489,2.5154292964405975,1.6857599995149293,5.235068595376253,4.39851326421208,1.0447459449772394,1.923470034983324,3.7371239902739526,1.4079564004957013,1.486764103077678,5.071719979344209,1.6138480539274265,2.9100983609743265,1.715751855117077,1.010044274782869,1.7153503013271194,8.56680792367239,4.42015879851575,3.009069522361385,1.2983066987822227,1.7604136385731664,6.125338918699443,2.3242707708114523,1.1293396468594576,2.48032762259197,4.49460623279496,4.355742871034757,3.64811281879064,1.8582588082756177,4.928114619992309,2.985418648177103,7.1760643045741626,4.271522975751817,2.145092030658387,5.757723104708486,1.3153186980777865,1.481384528596217,4.99982030421998,3.0166271143236933,1.1448553556588177,1.1202326492879118,1.4072609409781023,3.0768466331965643,5.407322900964102,1.3960812852326185,1.5611394586141407,3.117706192819322,3.7798717554350363,1.9982995629904354,1.5317178860060303,1.6498958882621548,4.66577416923874,3.3938140247836706,2.3108863529630375,6.0190790659235,1.7787294214174567,4.623640909268328,8.126895468465545,2.5938352648741563,3.121457781596413,1.4671384015857918,4.111346133918308,2.8891169937477077,8.781367844855138,0.9754496649734623,3.135014838737231,2.0071354811213262,1.7047521312010057,4.241626304625388,1.7678823424089134,2.364179927406646,5.099463767369202,2.2166608158250716,1.4415638613421211,4.828736972959077,2.5507049816936016,1.588533005580897,2.3304605480670224
65,2.0078094179722132,2.621790990151165,6.868657741061294,6.829693034678572,2.427190900757648,5.490329857416474,1.682611522275424,1.423738596767062,2.622767530117585,2.085994376316241,5.491469717815214,2.773552647451958,2.0567443124508595,0.0,1.9737654677534187,1.6998096725153786,3.2862303021827666,2.656048692567015,1.6042966126952194,1.5942516377196487,1.6178343163131021,1.8830408404328347,2.6765298304095446,2.2569525797993397,1.628803604023104,3.772952621495807,1.1980518089256216,1.8948816257744474,1.0320980081166247,3.48269139257143,2.649423358762333,5.397305473470881,1.8604228506308587,2.5876143223097863,4.237728042054313,1.830708110854358,1.896145898785621,0.5016509128660347,1.0866097955479483,1.9697982034116561,4.17906215860458,2.6639733815325974,2.9737643123061512,5.46082170404605,2.794157854274086,1.2946283005534855,1.2647991146312085,2.5760743839965623,1.6135970468114558,1.7040247364824477,2.834122496084207,1.635548012757016,1.9623236885308712,1.4878253562749437,1.9540610086204127,1.2154947885834606,2.528183570909128,2.0647745515196774,1.9548972762912722,2.1527148313657185,1.0868317273371635,2.152494219499619,11.744115614073584,1.3241841688027385,1.9497125358736471,3.5881932558700895,3.2441164902495094,1.622351120036509,1.3949454285879799,2.95881746762662,2.5279061325886274,0.9821640983926714,4.054533637091771,1.3651173325963921,1.7755570454511433,1.8384871521608415,2.4306584947220427,1.269550609941751,8.222948686774181,3.6188250683563696,1.5470669615889237,1.509541737693978,1.2895029693606337,5.5077310924206735,1.4482250360006133,1.5869916918136528,0.8567093121503164,2.92803594801554,3.508171607091355,2.552144689314376,1.3487499382028627,3.33174215003335,2.1999242690249705,6.350394303264703,3.191569470830973,2.0885275662311495,4.945552028857682,1.3892004525056254,2.9135068069155263,3.8781933652871734,2.21833229491022,1.8329541638033957,1.6119848809781538,1.8941076961439576,2.4722160033806118,4.575997011680908,3.1227177921918994,1.316672411883858,1.4742849784246355,2.236145949756937,1.6819774680176989,1.7404586948685485,1.7150388225592303,3.7284652933928375,2.140105726626993,1.988212514093156,4.982462847503287,2.0632787295473403,3.462594785492901,7.281473875387296,1.6266933044023164,1.6894282122079887,1.7651539651961643,3.0009916380300345,2.0288162046327054,7.796934216974723,2.4927303401870256,1.894182573159664,1.7110563528542027,1.8014963339473096,3.412112373725562,1.7109520179360045,1.7147718531791243,3.5523830858371794,1.996448963714714,1.5430322820257547,3.687576367989848,1.173819942307341,1.3749492470281277,1.4170448321522333
71,2.479470243818357,2.6593187288562596,6.1640197624765,5.968942162197865,2.9226300462948394,4.5601022957067485,1.8500280193250727,1.6515767677202853,2.5191602040313983,1.9437188266307561,4.614774835203012,2.624329113776673,2.668861335059634,1.9737654677534187,0.0,2.269553520276012,2.422084421056404,3.161496603695882,2.0518200918863134,1.7732249000975493,1.93176455185932,1.5401974177669209,3.2293902048672942,2.7402853316090785,2.1640086553289826,3.0084589674817264,1.7564293002509184,2.412976913731976,2.011988135410978,2.9132986754935297,2.066529715918876,4.567878983881763,1.7629297312097452,3.0862546563686686,3.6613952250156507,1.7587411699729314,1.7350808866153855,1.9410690967618445,2.14329646305185,1.573197845103664,3.337805480645687,3.2173455967242117,2.8564199233966834,4.769875155635593,1.8847149133293974,1.654787730527476,2.0578183109971397,3.1100388295151804,2.3382961588820086,2.064673866302622,2.622327622003095,2.430535415718096,1.5741755570869473,2.1151055724579373,1.5730858750242154,1.6342931918785544,2.793339616141336,2.1505422700304595,2.6223997726227126,1.6741629211123201,1.8714919712118427,2.0872295882830803,11.056948104698359,1.9120644134625104,2.1162396587913177,3.64620850219143,2.335627045949766,2.360592655295699,1.8035654193478041,2.4428729600718877,2.793307184046734,2.299264374857471,3.330616438461858,2.292532804506859,1.5116825423769524,2.0429588564437897,2.910128815977229,1.974831734368838,7.374548106832005,2.767319898055769,2.072731166400869,2.324727583423719,1.9439894567366487,4.616109943023308,2.1095932247573375,1.9858975885449137,1.8820757649116426,2.7493549628815503,2.6308143159420228,2.0945443619818978,2.356476125193714,2.9471774796171233,1.704530829395858,5.554485334287245,2.6019909557176897,1.709465716899744,4.077309302024865,2.202886528333949,3.454413062169409,3.2316120245503464,1.7148587449360213,2.182782424412467,2.2876417843902392,2.2995977772016434,2.235308193220498,3.739966297238667,3.7699372834013958,2.0482609374551477,2.2786409589658554,2.7455927156997593,1.7514530468933038,2.0230680498424944,1.9709514813161526,3.251683269292301,2.3103944951230817,2.0361675988094743,4.4688494605637965,2.2802482963800754,3.2009888918127087,6.5060589873670684,1.554217000858975,2.2068703928374886,2.152504323986274,2.713623670791547,1.7124169269585783,6.969089405018337,3.173325784482519,1.888249465485775,1.9601957128771692,1.8064605474702413,2.7648718835869475,2.031365291928682,1.8320241136233317,3.332545670297375,1.5563818131497238,1.8633686938703555,3.0585980282340675,2.4088537724854437,2.3729946112439895,1.8138424850184685
